,game1,game2
0,1,1262
1,4,1762
2,8,641
3,9,732
4,35,739
5,47,497
6,67,270
7,73,1243
8,78,524
9,88,3046
10,93,557
11,100,1614
12,103,1635
13,104,419
14,109,3350
15,112,569
16,114,3076
17,123,693
18,128,1943
19,132,906
20,148,2445
21,151,741
22,167,1942
23,180,1199
24,205,2460
25,209,1315
26,224,1626
27,237,1671
28,248,3226
29,249,1594
30,255,603
31,263,3566
32,269,701
33,274,2800
34,284,1362
35,286,1178
36,295,2816
37,308,1612
38,310,706
39,320,2447
40,323,556
41,324,985
42,327,2255
43,332,2788
44,334,3287
45,338,1698
46,350,2604
47,358,1712
48,359,1333
49,365,3285
50,376,533
51,377,532
52,391,2362
53,423,1851
54,425,1214
55,433,2019
56,458,761
57,460,3495
58,465,3123
59,469,1163
60,470,3080
61,480,2399
62,507,2607
63,517,3325
64,542,1211
65,552,1083
66,554,2771
67,570,2152
68,573,3006
69,574,3389
70,610,1122
71,625,2227
72,638,2150
73,642,1449
74,652,1349
75,653,3075
76,656,1343
77,663,2770
78,680,3091
79,687,2246
80,699,1633
81,702,1232
82,744,3331
83,746,3332
84,748,2666
85,750,2236
86,802,2979
87,809,1196
88,828,1104
89,856,1158
90,874,3016
91,888,1904
92,892,2289
93,993,3469
94,1000,1580
95,1002,1678
96,1055,1175
97,1075,1356
98,1088,2299
99,1089,2316
100,1090,2329
101,1091,3447
102,1092,2148
103,1093,3298
104,1096,2496
105,1098,2333
106,1100,3494
107,1102,2341
108,1103,3564
109,1105,2446
110,1108,2307
111,1109,3735
112,1110,3477
113,1111,2359
114,1113,2394
115,1114,2345
116,1117,3353
117,1118,2092
118,1120,2432
119,1123,2406
120,1124,2348
121,1126,2415
122,1128,2374
123,1129,2306
124,1131,3531
125,1133,2253
126,1134,1953
127,1135,2691
128,1136,3008
129,1137,2627
130,1139,3485
131,1143,3542
132,1145,2830
133,1146,2632
134,1147,1927
135,1148,3725
136,1152,2541
137,1154,2927
138,1155,3723
139,1156,3714
140,1157,2375
141,1159,2210
142,1161,1351
143,1162,3488
144,1165,3669
145,1167,3460
146,1168,3514
147,1170,2668
148,1171,2412
149,1176,2353
150,1177,3671
151,1179,2689
152,1181,3730
153,1182,3709
154,1183,2132
155,1185,3321
156,1190,2501
157,1193,2878
158,1194,3706
159,1195,2396
160,1197,2491
161,1198,2314
162,1200,2778
163,1201,2525
164,1202,3083
165,1203,2321
166,1204,2882
167,1205,1828
168,1206,1583
169,1209,3197
170,1210,2330
171,1213,2498
172,1215,2387
173,1216,2259
174,1217,3377
175,1220,2507
176,1221,2488
177,1222,2347
178,1224,3198
179,1226,3646
180,1229,2337
181,1231,2360
182,1233,2366
183,1235,3395
184,1236,2370
185,1237,2371
186,1238,3617
187,1239,3652
188,1240,2508
189,1244,2408
190,1246,2942
191,1247,2556
192,1248,1424
193,1250,2167
194,1254,2389
195,1255,2993
196,1257,2520
197,1260,3660
198,1261,2521
199,1264,2170
200,1265,2397
201,1267,2490
202,1268,2743
203,1269,3020
204,1270,3399
205,1271,2469
206,1272,3400
207,1273,2511
208,1274,3061
209,1275,2503
210,1276,2523
211,1278,2114
212,1279,2243
213,1281,3729
214,1282,3463
215,1283,2291
216,1284,2123
217,1285,2573
218,1286,2293
219,1287,2489
220,1289,2160
221,1290,1534
222,1291,2386
223,1292,2708
224,1293,3674
225,1296,3731
226,1297,2544
227,1298,2331
228,1300,2428
229,1302,1586
230,1303,2441
231,1307,2336
232,1308,3518
233,1309,2344
234,1310,2302
235,1313,2547
236,1314,2221
237,1316,3335
238,1318,2233
239,1319,1977
240,1320,2837
241,1321,2465
242,1325,1982
243,1326,2444
244,1328,2283
245,1329,2673
246,1330,2470
247,1331,2471
248,1335,2532
249,1336,2452
250,1337,2479
251,1338,3005
252,1340,1925
253,1341,3291
254,1345,2250
255,1346,3280
256,1348,2086
257,1353,2524
258,1354,1973
259,1357,2676
260,1358,2499
261,1359,2628
262,1361,2820
263,1364,2611
264,1366,2020
265,1367,2730
266,1368,2713
267,1371,2638
268,1372,3045
269,1374,2639
270,1376,2484
271,1377,2625
272,1379,2380
273,1380,2531
274,1381,2381
275,1382,2802
276,1383,2518
277,1384,2705
278,1385,2661
279,1388,2720
280,1393,2601
281,1394,2712
282,1399,2597
283,1400,2598
284,1401,1905
285,1402,2318
286,1403,2438
287,1404,2728
288,1405,3181
289,1407,2823
290,1408,2616
291,1410,2542
292,1411,2543
293,1412,2535
294,1413,2649
295,1414,2280
296,1415,2633
297,1416,2155
298,1418,2644
299,1420,2665
300,1421,2515
301,1423,3499
302,1425,2630
303,1427,2844
304,1428,3251
305,1429,2552
306,1431,2417
307,1432,2035
308,1433,3034
309,1434,3190
310,1435,3252
311,1436,1672
312,1437,2576
313,1439,2571
314,1440,2984
315,1441,2418
316,1443,3142
317,1444,2808
318,1445,2572
319,1446,2702
320,1448,3269
321,1450,3238
322,1452,2835
323,1453,2651
324,1454,2652
325,1455,3234
326,1456,2811
327,1457,2592
328,1458,2792
329,1459,2595
330,1460,2596
331,1461,2534
332,1462,2599
333,1463,3043
334,1464,2798
335,1465,2997
336,1466,2161
337,1467,2757
338,1468,2537
339,1469,2779
340,1470,2602
341,1471,1919
342,1472,3103
343,1473,2782
344,1474,2807
345,1476,2861
346,1477,2323
347,1479,2956
348,1481,2613
349,1482,1962
350,1483,2905
351,1484,2797
352,1485,2618
353,1486,2622
354,1488,2732
355,1489,2815
356,1490,3154
357,1491,2643
358,1492,2629
359,1493,2631
360,1494,2554
361,1495,2918
362,1496,2545
363,1498,2055
364,1499,2637
365,1500,2793
366,1501,3478
367,1502,2785
368,1503,2925
369,1504,2548
370,1505,3018
371,1506,2642
372,1507,2836
373,1508,2551
374,1509,3304
375,1510,2647
376,1511,2648
377,1512,2553
378,1513,2505
379,1514,2697
380,1516,2584
381,1517,2585
382,1518,2937
383,1519,2875
384,1520,2635
385,1521,2586
386,1523,2587
387,1524,2304
388,1525,3203
389,1526,2739
390,1527,2558
391,1528,3310
392,1529,2594
393,1530,3621
394,1531,2658
395,1532,2560
396,1535,2740
397,1538,3149
398,1539,3105
399,1540,2231
400,1541,3130
401,1542,2581
402,1543,2282
403,1544,2809
404,1545,3134
405,1546,2706
406,1548,2583
407,1549,2533
408,1550,2773
409,1551,2812
410,1553,2746
411,1554,2972
412,1555,2679
413,1556,2978
414,1557,2634
415,1558,3050
416,1559,2683
417,1560,2473
418,1561,2570
419,1562,2619
420,1563,2686
421,1564,2292
422,1565,2310
423,1566,3317
424,1567,2620
425,1568,2698
426,1569,2965
427,1570,2781
428,1571,3145
429,1572,2704
430,1575,2813
431,1576,2716
432,1577,3445
433,1579,3001
434,1581,2031
435,1582,2125
436,1587,2755
437,1590,2741
438,1591,2724
439,1592,2919
440,1597,2549
441,1598,2612
442,1599,3212
443,1600,2799
444,1601,3014
445,1602,3042
446,1603,2609
447,1604,2116
448,1605,2735
449,1606,2733
450,1607,3240
451,1608,2742
452,1609,2840
453,1610,2873
454,1611,2721
455,1613,3022
456,1615,2715
457,1616,2482
458,1617,2752
459,1618,3264
460,1619,3143
461,1620,2983
462,1621,2577
463,1622,2777
464,1624,2762
465,1625,2764
466,1627,2885
467,1630,2026
468,1631,2876
469,1632,2761
470,1634,2889
471,1636,3133
472,1637,2437
473,1638,2911
474,1639,2912
475,1640,2999
476,1641,2790
477,1642,2868
478,1643,2791
479,1644,2935
480,1645,2700
481,1646,3427
482,1647,2258
483,1649,2998
484,1650,2775
485,1652,2921
486,1653,2940
487,1655,2804
488,1656,2947
489,1657,2897
490,1658,2943
491,1659,2953
492,1660,2623
493,1661,2901
494,1662,3067
495,1663,3315
496,1664,2857
497,1665,2988
498,1666,2973
499,1667,2974
500,1668,2975
501,1669,2767
502,1670,2977
503,1673,3259
504,1675,3096
505,1676,2891
506,1677,2436
507,1679,2898
508,1680,3082
509,1681,3454
510,1684,2908
511,1685,2260
512,1686,2848
513,1687,2829
514,1689,2917
515,1690,2934
516,1691,2920
517,1692,2641
518,1693,2855
519,1694,3049
520,1695,2513
521,1696,2826
522,1697,2933
523,1699,2272
524,1700,2561
525,1701,2949
526,1702,3510
527,1703,3115
528,1704,2852
529,1705,2281
530,1706,3520
531,1707,2991
532,1708,3155
533,1709,3527
534,1710,2858
535,1711,2504
536,1713,2981
537,1714,2879
538,1715,2687
539,1717,2574
540,1718,2696
541,1719,2332
542,1721,3673
543,1722,2865
544,1723,2297
545,1724,3319
546,1725,1864
547,1727,2941
548,1728,2958
549,1729,2946
550,1730,2985
551,1732,2963
552,1733,2877
553,1734,3534
554,1735,2817
555,1736,2969
556,1737,2492
557,1738,3165
558,1739,2922
559,1740,2884
560,1741,2758
561,1742,2887
562,1743,2579
563,1744,2890
564,1745,2818
565,1746,2892
566,1747,2893
567,1748,3174
568,1749,3093
569,1750,2896
570,1751,2636
571,1752,2034
572,1753,3059
573,1755,3062
574,1756,2967
575,1757,3057
576,1758,3501
577,1759,2936
578,1760,3183
579,1761,2904
580,1763,3066
581,1764,2907
582,1765,2824
583,1766,2909
584,1767,2910
585,1768,3047
586,1769,3107
587,1770,3434
588,1771,2980
589,1772,3055
590,1773,2932
591,1774,3300
592,1775,2831
593,1777,2906
594,1778,2650
595,1780,2833
596,1781,3204
597,1782,2834
598,1783,3210
599,1784,2926
600,1785,3068
601,1787,2929
602,1788,2550
603,1789,3486
604,1790,2938
605,1791,2839
606,1792,2796
607,1793,3072
608,1794,2842
609,1795,2951
610,1796,2939
611,1797,3024
612,1799,2841
613,1800,2827
614,1801,2559
615,1802,2976
616,1803,2843
617,1804,3276
618,1805,2655
619,1806,2846
620,1807,2847
621,1808,2562
622,1810,2850
623,1811,2955
624,1812,3081
625,1813,3249
626,1814,3396
627,1815,2699
628,1816,2957
629,1817,3316
630,1818,3433
631,1819,2566
632,1820,3085
633,1821,2419
634,1823,2567
635,1824,2568
636,1825,3052
637,1826,3254
638,1827,3087
639,1829,3100
640,1830,2002
641,1831,2682
642,1832,2838
643,1833,2685
644,1835,2859
645,1836,3244
646,1837,2854
647,1840,2476
648,1841,3038
649,1842,2987
650,1843,2845
651,1844,2994
652,1845,3039
653,1846,2013
654,1847,2948
655,1848,3272
656,1849,2880
657,1850,2606
658,1854,2285
659,1855,3086
660,1856,3306
661,1857,3002
662,1858,3003
663,1860,2749
664,1861,2149
665,1862,2894
666,1865,3295
667,1866,1966
668,1867,2989
669,1868,3029
670,1870,3017
671,1871,3019
672,1873,3303
673,1875,2766
674,1876,2931
675,1877,2377
676,1879,3307
677,1883,3026
678,1884,3007
679,1885,2183
680,1886,3236
681,1887,2640
682,1889,3386
683,1890,2365
684,1892,3089
685,1893,2701
686,1333,1894
687,1895,3036
688,1897,2990
689,1898,3104
690,1899,3011
691,1902,3041
692,1903,3314
693,1906,3056
694,1907,2768
695,1912,3139
696,1914,3158
697,1915,2073
698,1916,3281
699,1917,3094
700,1918,2494
701,1920,3177
702,1921,3195
703,1922,3106
704,1923,3192
705,1924,3274
706,1926,3231
707,1928,2806
708,1929,3071
709,1930,3169
710,1931,3202
711,1932,3367
712,1933,3207
713,1934,3253
714,1935,3074
715,1936,2783
716,1938,3722
717,1939,3078
718,1940,2805
719,1944,3241
720,1945,3246
721,1946,2411
722,1948,2615
723,1950,3255
724,1951,3058
725,1952,3263
726,1955,3270
727,1956,2881
728,1958,3164
729,1959,3370
730,1960,3409
731,1961,2723
732,1965,2930
733,1967,3243
734,1968,3131
735,1969,3167
736,1970,3110
737,1971,3379
738,1972,3228
739,1974,2923
740,1975,2924
741,1976,3237
742,1978,3119
743,1979,3120
744,1980,3282
745,1983,3222
746,1984,3153
747,1985,3163
748,1986,3162
749,1987,3235
750,1988,3239
751,1989,2964
752,1990,3009
753,1991,3109
754,1992,2810
755,1993,2516
756,1994,2966
757,1995,2903
758,1996,3406
759,1997,2276
760,1998,3090
761,1999,3140
762,2001,3141
763,2003,3452
764,2005,2692
765,2006,2825
766,2007,2995
767,2008,2821
768,2009,3349
769,2010,2350
770,2011,3217
771,2012,3216
772,2014,2614
773,2015,3160
774,2017,3125
775,2018,3126
776,2021,3338
777,2022,3098
778,2023,3292
779,2024,2886
780,2025,3371
781,2027,3170
782,2028,3536
783,2029,3220
784,2030,2486
785,2032,3214
786,2036,3010
787,2037,2497
788,2038,3348
789,2039,3233
790,2040,3343
791,2041,3182
792,2043,3337
793,2044,3191
794,2045,3346
795,2046,3108
796,2047,3159
797,2048,3193
798,2049,3157
799,2050,3196
800,2051,3448
801,2052,3275
802,2053,3095
803,2054,3199
804,2056,3064
805,2057,3200
806,2058,3230
807,2060,3116
808,2063,3206
809,2064,3351
810,2066,3209
811,2067,2509
812,2068,2453
813,2070,2368
814,2071,3118
815,2072,2369
816,2074,3166
817,2075,3364
818,2077,3150
819,2078,2707
820,2079,3219
821,2080,2653
822,2081,2678
823,2082,3023
824,2083,3242
825,2084,3213
826,2085,3152
827,2087,3146
828,2088,3111
829,2089,3121
830,2090,3124
831,2091,3232
832,2094,3030
833,2095,3515
834,2096,3359
835,2097,2343
836,2098,3132
837,2099,3519
838,2100,2863
839,2101,2729
840,2102,3248
841,2103,2334
842,2104,2753
843,2105,3712
844,2106,2402
845,2107,3187
846,2108,3128
847,2109,3334
848,2110,3360
849,2111,3362
850,2112,3256
851,2113,2744
852,2115,2814
853,2117,3500
854,2118,3033
855,2119,2290
856,2120,3097
857,2121,3535
858,2122,3260
859,2124,3261
860,2126,3368
861,2127,2421
862,2128,3184
863,2129,3267
864,2130,3151
865,2131,2405
866,2134,2756
867,2135,3376
868,2136,3734
869,2137,3112
870,2140,3383
871,2141,3361
872,2143,2714
873,2144,3284
874,2145,3040
875,2147,2819
876,2153,3101
877,2154,3294
878,2156,3301
879,2157,2915
880,2158,3474
881,2159,3302
882,2162,2795
883,2163,3283
884,2164,2736
885,2165,3308
886,2166,2326
887,2171,3398
888,2172,2671
889,2173,3313
890,2175,3136
891,2176,2383
892,2177,3421
893,2178,2747
894,2179,2500
895,2182,3037
896,2185,3305
897,2186,2734
898,2188,3311
899,2189,3286
900,2190,2495
901,2194,3227
902,2195,3357
903,2196,3079
904,2197,3522
905,2199,3511
906,2201,3441
907,2202,3411
908,2204,3446
909,2207,2645
910,2208,3225
911,2209,3521
912,2212,3323
913,2213,3135
914,2214,3459
915,2216,3344
916,2217,3468
917,2218,3122
918,2219,3065
919,2220,3340
920,2222,3556
921,2223,3297
922,2224,3354
923,2225,3073
924,2226,3339
925,2229,3470
926,2230,2563
927,2232,2748
928,2234,3550
929,2235,2522
930,2237,3525
931,2238,3530
932,2239,3528
933,2241,3529
934,2242,3257
935,2245,3266
936,2251,3407
937,2252,3540
938,2254,3508
939,2256,2822
940,2261,2621
941,2263,2763
942,2264,3552
943,2265,3482
944,2266,3201
945,2267,3205
946,2268,3211
947,2269,3489
948,2270,3490
949,2271,3099
950,2273,2750
951,2274,2526
952,2275,3503
953,2277,3507
954,2278,2646
955,2284,2959
956,2287,2968
957,2288,2677
958,2294,3328
959,2295,3265
960,2296,2703
961,2298,3147
962,2300,3271
963,2301,3168
964,2303,3469
965,2308,3403
966,2309,3541
967,2311,3473
968,2312,3004
969,2313,3384
970,2315,3413
971,2319,3392
972,2320,3171
973,2322,2603
974,2325,3451
975,2327,3148
976,2328,3156
977,2335,3013
978,2342,3523
979,2346,3048
980,2349,3299
981,2351,3423
982,2352,3380
983,2355,3381
984,2356,3347
985,2357,2659
986,2358,3382
987,2363,3385
988,2367,3069
989,2372,3387
990,2373,3355
991,2376,3342
992,2378,3491
993,2382,3497
994,2384,2656
995,2388,3358
996,2390,3393
997,2391,2849
998,2392,2663
999,2395,2667
1000,2398,2872
1001,2400,3442
1002,2403,2869
1003,2407,3138
1004,2409,3532
1005,2410,3512
1006,2413,2593
1007,2414,3035
1008,2416,3390
1009,2420,3438
1010,2422,3502
1011,2423,3173
1012,2424,3496
1013,2425,2754
1014,2426,2578
1015,2427,3369
1016,2434,3053
1017,2439,3189
1018,2440,3586
1019,2443,3569
1020,2448,2888
1021,2455,3571
1022,2458,2737
1023,2464,3127
1024,2466,3245
1025,2468,3524
1026,2472,3401
1027,2474,3724
1028,2477,3186
1029,2480,2727
1030,2502,3180
1031,2506,3475
1032,2510,3278
1033,2512,3476
1034,2519,3504
1035,2527,3185
1036,2528,3405
1037,2538,2895
1038,2539,3472
1039,2540,3322
1040,2546,3114
1041,2557,3356
1042,2564,3175
1043,2565,3397
1044,2575,3144
1045,2580,3711
1046,2582,3732
1047,2588,3710
1048,2589,3659
1049,2590,3649
1050,2591,3664
1051,2600,2832
1052,2617,3188
1053,2626,3636
1054,2657,3391
1055,2662,3697
1056,2664,3682
1057,2669,3273
1058,2672,3333
1059,2681,3533
1060,2688,3336
1061,2690,3537
1062,2695,3450
1063,2717,3054
1064,2718,3289
1065,2722,3327
1066,2725,3293
1067,2738,3720
1068,2759,3290
1069,2774,3402
1070,2794,3070
1071,2853,3517
1072,2860,3404
1073,2862,3318
1074,2864,3113
1075,2866,3453
1076,2867,3465
1077,2871,3509
1078,2874,3513
1079,2900,3417
1080,2913,3416
1081,2916,3378
1082,2928,3176
1083,2944,3309
1084,2952,3432
1085,1943,2954
1086,2962,3247
1087,2970,3258
1088,2982,3363
1089,2986,3262
1090,2996,3431
1091,3044,3161
1092,3129,3312
1093,3178,3418
1094,2164,3429
1095,2599,3444
1096,1201,3449
1097,3455,3716
1098,1410,3462
1099,3196,3467
1100,1890,3481
1101,1978,3487
1102,3389,3492
1103,2471,3493
1104,1246,3498
1105,1966,3544
1106,3210,3554
1107,1848,3558
1108,1676,3563
1109,2271,3565
1110,1092,3567
1111,2627,3568
1112,2541,3570
1113,1974,3572
1114,3118,3574
1115,1161,3577
1116,3245,3578
1117,1846,3580
1118,1555,3581
1119,2651,3582
1120,2320,3583
1121,1090,3584
1122,1971,3590
1123,2539,3591
1124,2358,3592
1125,2512,3596
1126,2326,3598
1127,1528,3599
1128,2388,3601
1129,3406,3603
1130,2120,3604
1131,3404,3606
1132,2426,3607
1133,2782,3609
1134,2613,3612
1135,2363,3615
1136,3571,3618
1137,1983,3619
1138,3391,3620
1139,1829,3628
1140,1285,3630
1141,2987,3631
1142,2297,3632
1143,2375,3633
1144,2060,3647
1145,1889,3648
1146,3214,3653
1147,2389,3658
1148,1235,3662
1149,2854,3663
1150,2237,3665
1151,2681,3675
1152,2427,3676
1153,2501,3678
1154,3144,3684
1155,2989,3687
1156,3486,3690
1157,2939,3691
1158,2444,3696
1159,2852,3699
1160,2673,3702
1161,3302,3715
1162,2568,3727
1163,1759,3733
1164,3739,4362
1165,3760,4458
1166,3767,6024
1167,3768,5208
1168,3787,6083
1169,3790,4833
1170,3809,5377
1171,3810,5135
1172,3824,4457
1173,3833,4004
1174,3852,6012
1175,3853,4914
1176,3858,4025
1177,3861,6666
1178,3863,4962
1179,3877,6288
1180,3886,5081
1181,3905,4464
1182,3908,4856
1183,3927,4542
1184,3935,4524
1185,3960,6244
1186,3961,5976
1187,3963,6063
1188,4006,5114
1189,4007,7120
1190,4010,4872
1191,4016,5082
1192,4019,6915
1193,4050,4337
1194,4055,5154
1195,4056,4320
1196,4057,4357
1197,4069,5934
1198,4078,6180
1199,4080,4578
1200,4093,6598
1201,4100,4281
1202,4113,5347
1203,4116,6218
1204,4118,4405
1205,4119,5978
1206,4124,5070
1207,4125,5102
1208,4128,6511
1209,4160,7129
1210,4162,4533
1211,4165,6183
1212,4171,6386
1213,4172,5774
1214,4180,6318
1215,4182,5415
1216,4190,6136
1217,4206,5225
1218,4217,5290
1219,4245,5729
1220,4249,5964
1221,4252,4461
1222,4260,7203
1223,4269,5156
1224,4270,4905
1225,4280,4635
1226,4296,5958
1227,4309,6282
1228,4330,5404
1229,4339,6333
1230,4340,4761
1231,4341,6241
1232,4348,6967
1233,4349,6786
1234,4350,4987
1235,4382,5068
1236,4384,5069
1237,4386,5930
1238,4394,7117
1239,4398,4988
1240,4428,5974
1241,4429,5376
1242,4435,6237
1243,4442,5675
1244,4445,5027
1245,4462,5107
1246,4472,5641
1247,4489,5938
1248,4517,6025
1249,4518,6471
1250,4520,6806
1251,4525,5587
1252,4530,4938
1253,4538,5646
1254,4557,7326
1255,4560,5963
1256,4571,5408
1257,4579,5133
1258,4590,6117
1259,4595,6254
1260,4612,5595
1261,4628,6182
1262,4658,7511
1263,4664,6316
1264,4670,5084
1265,4679,4875
1266,4759,6841
1267,4775,5710
1268,4777,5416
1269,4782,5079
1270,4813,6336
1271,4843,5642
1272,4878,5221
1273,4886,5483
1274,4892,6086
1275,4893,6927
1276,4894,7243
1277,4896,7486
1278,4897,6601
1279,4898,7174
1280,4901,6115
1281,4902,6033
1282,4904,7491
1283,4908,7313
1284,4910,6120
1285,4911,7281
1286,4912,7496
1287,4916,6764
1288,4917,6047
1289,4918,7296
1290,4919,7497
1291,4920,7298
1292,4921,6167
1293,4922,7264
1294,4924,7492
1295,4926,6035
1296,4928,6081
1297,4929,6175
1298,4930,6788
1299,4931,6242
1300,4932,6259
1301,4933,7513
1302,4934,5979
1303,4935,6186
1304,4936,6188
1305,4937,6189
1306,4939,6212
1307,4940,7503
1308,4941,6194
1309,4942,6664
1310,4944,6196
1311,4945,7045
1312,4947,5444
1313,4948,7338
1314,4952,7246
1315,4958,6085
1316,4959,6207
1317,4960,7514
1318,4963,5236
1319,4964,6661
1320,4965,7451
1321,4966,6657
1322,4969,5527
1323,4970,6103
1324,4971,6257
1325,4972,6106
1326,4974,5825
1327,4975,6113
1328,4976,6311
1329,4978,6166
1330,4979,6215
1331,4980,6119
1332,4981,5942
1333,4982,6267
1334,4983,6122
1335,4984,6689
1336,4985,6227
1337,4986,6124
1338,4990,6109
1339,4991,7421
1340,4994,6280
1341,4996,6272
1342,4997,6179
1343,4999,6283
1344,5001,6032
1345,5003,6140
1346,5005,6141
1347,5006,7428
1348,5008,6150
1349,5009,6151
1350,5010,5815
1351,5011,6639
1352,5012,6155
1353,5013,7061
1354,5015,6162
1355,5018,7445
1356,5020,7439
1357,5021,6172
1358,5023,6030
1359,5024,6294
1360,5028,6058
1361,5029,6461
1362,5030,5889
1363,5031,6052
1364,5033,6297
1365,5034,6298
1366,5035,6341
1367,5036,6285
1368,5038,6299
1369,5039,6301
1370,5040,6091
1371,5041,6302
1372,5042,5432
1373,5043,6061
1374,5044,6062
1375,5046,6762
1376,5047,6065
1377,5049,6645
1378,5052,6093
1379,5053,5780
1380,5054,6421
1381,5056,7450
1382,5057,6204
1383,5058,7331
1384,5059,7519
1385,5062,7391
1386,5063,7437
1387,5064,6250
1388,5065,6077
1389,5066,6785
1390,5071,7102
1391,5072,5820
1392,5076,5831
1393,5077,6274
1394,5080,6375
1395,5083,5843
1396,5089,7088
1397,5092,6232
1398,5093,6233
1399,5095,7152
1400,5096,6522
1401,5097,6118
1402,5099,5885
1403,5100,6056
1404,5103,6181
1405,5104,6979
1406,5105,6587
1407,5106,5962
1408,5109,6202
1409,5110,6253
1410,5111,6462
1411,5113,5648
1412,5115,6573
1413,5116,6724
1414,5119,6174
1415,5121,5907
1416,5122,6636
1417,5124,6277
1418,5125,6468
1419,5126,6289
1420,5127,6268
1421,5129,6384
1422,5130,6386
1423,5134,6273
1424,5136,6481
1425,5137,6275
1426,5138,6405
1427,5139,6852
1428,5140,6417
1429,5142,6284
1430,5143,6408
1431,5145,6292
1432,5148,6575
1433,5150,6467
1434,5151,6470
1435,5152,6459
1436,5153,6453
1437,5155,6345
1438,5158,7023
1439,5160,6493
1440,5161,6465
1441,5162,6383
1442,5163,6952
1443,5165,6640
1444,5166,5819
1445,5168,5823
1446,5169,6342
1447,5170,6321
1448,5172,6313
1449,5174,6480
1450,5175,6409
1451,5177,7277
1452,5178,6430
1453,5179,6435
1454,5180,6491
1455,5182,6334
1456,5183,6431
1457,5184,6445
1458,5185,6452
1459,5186,6239
1460,5187,6637
1461,5188,6337
1462,5190,6628
1463,5192,6532
1464,5193,6508
1465,5196,6317
1466,5197,6349
1467,5198,5669
1468,5199,6344
1469,5200,6635
1470,5201,6944
1471,5202,6325
1472,5203,6343
1473,5204,6352
1474,5206,6381
1475,5207,6565
1476,5209,6535
1477,5210,6901
1478,5211,6692
1479,5212,6733
1480,5213,6477
1481,5214,6479
1482,5216,6487
1483,5217,6796
1484,5218,6472
1485,5219,6373
1486,5220,6307
1487,5222,6557
1488,5223,6824
1489,5224,6416
1490,5227,6444
1491,5228,6880
1492,5229,6312
1493,5230,6382
1494,5231,6073
1495,5232,6385
1496,5234,6387
1497,5235,5795
1498,5237,5821
1499,5238,6884
1500,5239,6676
1501,5240,6315
1502,5242,6393
1503,5243,6681
1504,5244,6395
1505,5245,6396
1506,5246,6224
1507,5248,6683
1508,5249,6399
1509,5250,5830
1510,5251,6669
1511,5252,6972
1512,5253,6276
1513,5254,6407
1514,5255,7006
1515,5256,6361
1516,5257,6929
1517,5258,6324
1518,5259,6410
1519,5260,6495
1520,5261,6834
1521,5262,6412
1522,5263,5554
1523,5266,6611
1524,5267,6418
1525,5268,7209
1526,5270,6709
1527,5271,6422
1528,5274,7086
1529,5276,7186
1530,5278,6427
1531,5280,6329
1532,5281,6566
1533,5283,7019
1534,5284,6810
1535,5285,6428
1536,5286,6331
1537,5287,6364
1538,5289,7007
1539,5291,6440
1540,5292,6814
1541,5293,6363
1542,5294,7122
1543,5295,6335
1544,5298,6447
1545,5299,6642
1546,5300,6644
1547,5301,6735
1548,5302,6570
1549,5303,6454
1550,5305,6457
1551,5306,6741
1552,5307,5971
1553,5308,6433
1554,5309,6771
1555,5310,6536
1556,5311,6340
1557,5312,6464
1558,5313,6400
1559,5314,6308
1560,5315,6822
1561,5316,6538
1562,5317,6574
1563,5318,6589
1564,5319,6590
1565,5320,6588
1566,5321,7448
1567,5322,6556
1568,5323,6485
1569,5324,7035
1570,5325,6632
1571,5326,6474
1572,5327,6496
1573,5328,6490
1574,5329,6441
1575,5330,6346
1576,5331,6568
1577,5332,5909
1578,5333,7046
1579,5334,6767
1580,5335,6351
1581,5336,6429
1582,5337,6486
1583,5338,6355
1584,5339,6488
1585,5340,6348
1586,5341,6808
1587,5342,6330
1588,5343,6476
1589,5344,6650
1590,5345,6529
1591,5346,6544
1592,5349,5919
1593,5351,6956
1594,5352,6561
1595,5353,6031
1596,5354,6507
1597,5356,6509
1598,5357,6512
1599,5358,6137
1600,5359,6604
1601,5361,6403
1602,5362,6076
1603,5363,7101
1604,5364,6978
1605,5365,6515
1606,5366,6517
1607,5367,6802
1608,5368,6803
1609,5369,6717
1610,5370,6711
1611,5372,6524
1612,5373,6500
1613,5374,6658
1614,5375,7092
1615,5378,6165
1616,5379,6528
1617,5380,6082
1618,5381,7199
1619,5382,6530
1620,5383,6534
1621,5384,6818
1622,5385,6554
1623,5386,6719
1624,5388,6745
1625,5389,5689
1626,5390,6838
1627,5391,6497
1628,5393,6353
1629,5394,6540
1630,5395,6542
1631,5396,6777
1632,5397,6029
1633,5399,6729
1634,5400,6899
1635,5401,6871
1636,5402,7021
1637,5405,6584
1638,5406,7370
1639,5407,6564
1640,5409,6380
1641,5410,6560
1642,5411,6504
1643,5413,6357
1644,5414,6406
1645,5417,7064
1646,5418,6685
1647,5419,6694
1648,5420,6779
1649,5421,6701
1650,5422,6703
1651,5423,6704
1652,5424,6860
1653,5425,6230
1654,5426,6578
1655,5429,6291
1656,5430,7308
1657,5434,6728
1658,5435,6905
1659,5438,7309
1660,5439,6753
1661,5440,6756
1662,5441,6757
1663,5442,6455
1664,5443,6765
1665,5445,6579
1666,5446,6286
1667,5448,6656
1668,5450,6027
1669,5451,7171
1670,5452,7070
1671,5453,7252
1672,5455,6794
1673,5457,6256
1674,5458,6686
1675,5459,6799
1676,5460,6699
1677,5461,5693
1678,5462,6619
1679,5463,6622
1680,5464,6990
1681,5465,6994
1682,5466,6042
1683,5467,6633
1684,5468,6617
1685,5469,6618
1686,5471,6731
1687,5472,6780
1688,5473,7015
1689,5474,6170
1690,5475,6734
1691,5476,6910
1692,5477,6616
1693,5478,7293
1694,5479,5944
1695,5480,6916
1696,5481,6629
1697,5482,6631
1698,5484,6919
1699,5485,6653
1700,5486,6612
1701,5487,6595
1702,5488,7039
1703,5489,6652
1704,5490,7319
1705,5491,7321
1706,5492,6251
1707,5493,5913
1708,5494,6781
1709,5495,6606
1710,5496,6775
1711,5497,6662
1712,5498,7169
1713,5499,6674
1714,5500,6772
1715,5501,6698
1716,5502,7029
1717,5503,7020
1718,5505,7065
1719,5506,6840
1720,5507,6677
1721,5510,6842
1722,5511,6655
1723,5512,6843
1724,5513,6697
1725,5515,6545
1726,5516,6094
1727,5517,6641
1728,5518,6563
1729,5519,5743
1730,5520,6665
1731,5521,6217
1732,5522,7249
1733,5523,6688
1734,5524,6314
1735,5525,7324
1736,5526,6672
1737,5528,6102
1738,5530,6614
1739,5531,6687
1740,5532,6223
1741,5533,7105
1742,5534,6541
1743,5535,6682
1744,5536,7049
1745,5537,6320
1746,5538,7032
1747,5539,6737
1748,5540,6404
1749,5541,6738
1750,5542,7345
1751,5543,6691
1752,5544,6569
1753,5545,6892
1754,5546,6695
1755,5547,7287
1756,5549,6609
1757,5550,6610
1758,5551,6489
1759,5552,6310
1760,5553,6651
1761,5555,6774
1762,5556,6414
1763,5557,6415
1764,5558,6857
1765,5559,6705
1766,5560,6572
1767,5561,6707
1768,5562,6518
1769,5563,6624
1770,5564,7026
1771,5566,6935
1772,5567,7085
1773,5568,6861
1774,5570,6995
1775,5571,6521
1776,5572,6712
1777,5573,6962
1778,5574,7189
1779,5575,6714
1780,5576,6715
1781,5577,6716
1782,5578,6863
1783,5579,6438
1784,5580,6643
1785,5581,6648
1786,5582,7091
1787,5583,7116
1788,5584,6720
1789,5585,6721
1790,5586,5809
1791,5588,7194
1792,5589,6605
1793,5590,7343
1794,5591,6722
1795,5593,6727
1796,5594,6411
1797,5596,6939
1798,5597,7018
1799,5598,6736
1800,5599,6912
1801,5600,7211
1802,5601,7306
1803,5602,6586
1804,5603,6872
1805,5605,6240
1806,5606,6460
1807,5607,6747
1808,5608,6748
1809,5609,6749
1810,5610,6750
1811,5611,6914
1812,5612,6693
1813,5613,6873
1814,5614,6758
1815,5615,6718
1816,5616,7109
1817,4281,5617
1818,5618,6763
1819,5619,6828
1820,5620,6593
1821,5621,6466
1822,5622,6819
1823,5623,6367
1824,5624,6513
1825,5625,6769
1826,5626,6770
1827,5627,6646
1828,5628,6754
1829,5629,7210
1830,5630,6776
1831,5631,6649
1832,5633,6625
1833,5634,5900
1834,5635,7279
1835,5636,6647
1836,5637,6782
1837,5638,6374
1838,5639,7058
1839,5640,6821
1840,5643,6613
1841,5644,6790
1842,5645,6354
1843,5647,6792
1844,5649,6226
1845,5650,6766
1846,5651,6725
1847,5652,6969
1848,5655,6423
1849,5656,6401
1850,5657,6225
1851,5658,6795
1852,5659,6809
1853,5660,7003
1854,5661,6941
1855,5663,7366
1856,5664,6815
1857,5666,6446
1858,5670,6626
1859,5671,5925
1860,5672,6419
1861,5673,7245
1862,5674,6800
1863,5676,7033
1864,5677,7108
1865,5678,6825
1866,5679,5879
1867,5680,6483
1868,5681,7043
1869,5684,6089
1870,5686,6835
1871,5688,6494
1872,5690,6608
1873,5691,6571
1874,5692,7083
1875,5695,7148
1876,5696,7294
1877,5698,6131
1878,5699,6942
1879,5700,6947
1880,5701,6949
1881,5702,6865
1882,5703,6559
1883,5704,7069
1884,5705,5970
1885,5706,6198
1886,5707,7071
1887,5708,6679
1888,5709,6680
1889,5711,7356
1890,5712,6992
1891,5713,7106
1892,5714,6846
1893,5715,6706
1894,5716,6870
1895,5718,6582
1896,5719,6567
1897,5721,6950
1898,5722,6634
1899,5723,7034
1900,5725,6630
1901,5726,6752
1902,5727,6999
1903,5728,7030
1904,5730,6924
1905,5731,6591
1906,5735,7163
1907,5737,6945
1908,5738,7062
1909,5739,7068
1910,5740,6997
1911,5741,6503
1912,5742,6663
1913,5744,5994
1914,5745,6306
1915,5746,6128
1916,5747,6925
1917,5748,6888
1918,5749,6890
1919,5750,6740
1920,5751,6977
1921,5752,7063
1922,5753,6980
1923,5754,6549
1924,5755,6985
1925,5756,7276
1926,5757,7229
1927,5760,7054
1928,5761,7192
1929,5762,6615
1930,5763,6867
1931,5764,6988
1932,5765,6817
1933,5766,7121
1934,5767,7271
1935,5768,6911
1936,5769,7266
1937,5770,7096
1938,5771,6389
1939,5773,7126
1940,5775,7024
1941,5776,7025
1942,5777,7301
1943,5778,7110
1944,5779,7031
1945,5781,6826
1946,5782,6920
1947,5783,7037
1948,5784,6923
1949,5785,6926
1950,5786,6801
1951,5787,7052
1952,5790,7001
1953,5791,7000
1954,5792,7010
1955,5793,7305
1956,5797,7300
1957,5798,6917
1958,5799,7051
1959,5800,6499
1960,5801,7136
1961,5802,6943
1962,5803,6878
1963,5804,6906
1964,5805,6946
1965,5807,6502
1966,5808,6948
1967,5810,6660
1968,5811,6379
1969,5812,6957
1970,5813,7041
1971,5814,6921
1972,5816,6954
1973,5817,6787
1974,5824,6849
1975,5826,6886
1976,5827,7004
1977,5828,6971
1978,5832,6907
1979,5833,6974
1980,5834,7138
1981,5835,7139
1982,5836,7178
1983,5837,6875
1984,5838,7157
1985,5839,6975
1986,5840,6696
1987,5841,6902
1988,5842,6976
1989,5844,6893
1990,5846,6973
1991,5848,6984
1992,5849,7185
1993,5850,6845
1994,5851,6896
1995,5852,7258
1996,5853,6897
1997,5854,7228
1998,5855,6991
1999,5856,7130
2000,5858,6998
2001,5859,6900
2002,5860,7162
2003,5861,6958
2004,5862,6937
2005,5863,6936
2006,5864,7378
2007,5865,7002
2008,5866,6543
2009,5867,6510
2010,5868,6811
2011,5869,6839
2012,5870,6981
2013,5871,6527
2014,5872,6439
2015,5873,6261
2016,5874,6903
2017,5875,6908
2018,5876,6552
2019,5877,7013
2020,5878,6702
2021,5880,7232
2022,5881,7017
2023,5882,6859
2024,5883,7278
2025,5884,7200
2026,5886,6533
2027,5887,7327
2028,5888,7285
2029,5890,7027
2030,5891,7028
2031,5892,7311
2032,5893,7161
2033,5894,6918
2034,5895,6755
2035,5896,7160
2036,5897,7012
2037,5898,6831
2038,5901,6922
2039,5902,7038
2040,5903,7317
2041,5905,6195
2042,5908,7044
2043,5910,7112
2044,5911,6829
2045,5912,7053
2046,5914,7050
2047,5915,6928
2048,5916,6894
2049,5917,6071
2050,5918,7056
2051,5921,7077
2052,5922,7066
2053,5923,7131
2054,5924,6377
2055,5926,7095
2056,5927,6955
2057,5928,6667
2058,5929,6668
2059,5931,6602
2060,5932,7075
2061,5935,6807
2062,5936,7082
2063,5937,6670
2064,5939,7118
2065,5940,7202
2066,5941,6889
2067,5943,7090
2068,5945,7104
2069,5946,6768
2070,5948,6482
2071,5949,6372
2072,5950,6434
2073,5951,6813
2074,5952,7115
2075,5953,7094
2076,5955,6555
2077,5956,6638
2078,5957,7103
2079,5960,6245
2080,5961,6492
2081,5966,7089
2082,5968,7081
2083,5969,7067
2084,5972,7273
2085,5975,7144
2086,5977,6339
2087,5982,7335
2088,5983,7242
2089,5984,7218
2090,5986,6501
2091,5988,7193
2092,5990,6964
2093,5991,7133
2094,5992,6684
2095,5993,7260
2096,5995,7177
2097,5996,6986
2098,5997,6854
2099,5998,7141
2100,5999,7274
2101,6000,6953
2102,6002,7146
2103,6003,7283
2104,6005,6290
2105,6006,7509
2106,6008,7154
2107,6009,6866
2108,6010,6856
2109,6011,6961
2110,6013,7307
2111,6014,6836
2112,6015,7268
2113,6016,6246
2114,6017,7351
2115,6018,7312
2116,6019,7150
2117,6020,7040
2118,6026,6743
2119,6028,6879
2120,6034,6458
2121,6036,7257
2122,6037,6675
2123,6038,7347
2124,6039,6326
2125,6040,6420
2126,6041,6520
2127,6043,7282
2128,6044,7348
2129,6045,7350
2130,6046,7292
2131,6048,6309
2132,6049,7093
2133,6050,7244
2134,6051,6505
2135,6053,6450
2136,6054,6627
2137,6055,6449
2138,6059,7265
2139,6060,6759
2140,6064,6328
2141,6066,7153
2142,6068,6484
2143,6069,7329
2144,6070,7239
2145,6072,7247
2146,6074,7299
2147,6075,7302
2148,6079,6723
2149,6080,7339
2150,6084,7334
2151,6087,6784
2152,6088,7165
2153,6090,7167
2154,6095,7220
2155,6096,7100
2156,6097,7009
2157,6099,7172
2158,6100,7233
2159,6101,7231
2160,6104,7222
2161,6105,7113
2162,6107,7107
2163,6108,6730
2164,6110,7074
2165,6112,7175
2166,6114,6851
2167,6116,6881
2168,6121,6368
2169,6123,7079
2170,6125,6514
2171,6126,7269
2172,6127,7182
2173,6129,7155
2174,6130,7238
2175,6132,6983
2176,6134,6362
2177,6138,7087
2178,6139,6713
2179,6142,7147
2180,6143,7190
2181,6144,7284
2182,6145,7286
2183,6146,6673
2184,6147,7288
2185,6148,7149
2186,6149,7217
2187,6152,6525
2188,6153,7151
2189,6154,7219
2190,6156,6332
2191,6157,6583
2192,6158,7195
2193,6159,7230
2194,6160,6726
2195,6161,7295
2196,6163,6620
2197,6164,7119
2198,6168,6366
2199,6169,6369
2200,6171,6376
2201,6173,6531
2202,6176,7262
2203,6177,6746
2204,6178,7336
2205,6184,7198
2206,6185,7158
2207,6187,6823
2208,6190,6760
2209,6191,7315
2210,6193,6475
2211,6197,7322
2212,6199,7325
2213,6200,6830
2214,6201,6773
2215,6203,7166
2216,6205,7055
2217,6206,6931
2218,6209,7180
2219,6211,7170
2220,6220,6970
2221,6221,6996
2222,6222,6392
2223,6229,7142
2224,6231,7191
2225,6234,6436
2226,6235,6816
2227,6238,6804
2228,6243,6820
2229,6249,7036
2230,6252,6516
2231,6258,6853
2232,6260,7213
2233,6262,6550
2234,6263,7123
2235,6265,7323
2236,6270,7132
2237,6271,7502
2238,6278,6855
2239,6279,7291
2240,6287,6432
2241,6293,7363
2242,6300,6876
2243,6323,7181
2244,6327,6519
2245,6338,7201
2246,6347,7187
2247,6356,7014
2248,6358,6960
2249,6359,6959
2250,6360,7140
2251,6365,6940
2252,6371,7057
2253,5208,6378
2254,6388,6933
2255,6390,6934
2256,6394,7314
2257,6402,6798
2258,6413,6982
2259,6424,7488
2260,6425,6671
2261,6442,7196
2262,6448,6938
2263,6451,6932
2264,6456,7048
2265,6469,7241
2266,6478,7320
2267,6523,6968
2268,6546,7097
2269,6585,7098
2270,6592,7352
2271,6596,7168
2272,6597,6885
2273,6599,7022
2274,6603,7072
2275,5595,6623
2276,6654,7337
2277,6659,7261
2278,6690,7390
2279,6732,7400
2280,6739,7401
2281,6742,7402
2282,6744,6868
2283,6751,7405
2284,6761,7208
2285,6793,7255
2286,6812,7290
2287,5710,6874
2288,6887,7099
2289,6930,7332
2290,7016,7156
2291,5186,7124
2292,5477,7125
2293,6508,7134
2294,5960,7159
2295,6052,7204
2296,6745,7207
2297,6253,7215
2298,5913,7235
2299,6763,7236
2300,5739,7240
2301,5041,7248
2302,6385,7250
2303,6403,7263
2304,5698,7272
2305,5749,7280
2306,6435,7289
2307,6172,7303
2308,5305,7304
2309,6737,7344
2310,6089,7353
2311,5286,7361
2312,4958,7367
2313,5800,7368
2314,6048,7369
2315,6633,7377
2316,6520,7381
2317,7035,7382
2318,5949,7384
2319,6545,7385
2320,5411,7387
2321,7278,7393
2322,5978,7399
2323,6333,7404
2324,6394,7406
2325,5268,7407
2326,6879,7412
2327,6417,7424
2328,6144,7430
2329,6744,7435
2330,5438,7441
2331,5516,7444
2332,6328,7446
2333,6775,7453
2334,6795,7459
2335,5999,7463
2336,6613,7464
2337,5400,7465
2338,6364,7468
2339,6442,7472
2340,6836,7475
2341,6839,7483
2342,6491,7484
2343,6611,7494
2344,5177,7495
2345,6348,7512
2346,7531,9379
2347,7582,8033
2348,7588,10223
2349,7599,9498
2350,7610,8235
2351,7625,8769
2352,7638,9250
2353,7686,8151
2354,7692,10379
2355,7699,8011
2356,7705,7987
2357,7715,10470
2358,7734,8860
2359,7742,8223
2360,7755,10973
2361,7757,11083
2362,7768,9179
2363,7795,8353
2364,7798,10035
2365,7799,8312
2366,7820,10998
2367,7826,9761
2368,7845,8883
2369,7851,8112
2370,7855,8542
2371,7857,8763
2372,7859,9131
2373,7862,9693
2374,7863,8243
2375,7899,10393
2376,7905,9826
2377,7917,8971
2378,7926,9289
2379,7944,10200
2380,7956,9013
2381,7958,8490
2382,7984,9575
2383,7989,8876
2384,7990,10342
2385,7993,10951
2386,8017,8530
2387,8023,10006
2388,8024,9736
2389,8029,9518
2390,8034,10167
2391,8042,9305
2392,8045,8897
2393,8047,8190
2394,8048,10419
2395,8055,9738
2396,8064,10173
2397,8072,10411
2398,8076,11180
2399,8077,10314
2400,8099,9481
2401,8114,11140
2402,8118,10760
2403,8127,9036
2404,8128,8407
2405,8135,8696
2406,8141,10999
2407,8162,9405
2408,8168,8864
2409,8172,10146
2410,8176,8782
2411,8181,10800
2412,8185,11010
2413,8186,8252
2414,8189,8383
2415,8194,10639
2416,8197,11158
2417,8200,9151
2418,8202,10229
2419,8220,11225
2420,8229,9519
2421,8231,9944
2422,8244,9939
2423,8254,9864
2424,8260,9850
2425,8264,9941
2426,8269,9860
2427,8272,9615
2428,8299,9278
2429,8305,10038
2430,8309,9910
2431,8330,9498
2432,8331,9945
2433,8337,10119
2434,8351,10445
2435,8365,10070
2436,8377,9101
2437,8378,10385
2438,8387,8627
2439,8390,9983
2440,8392,9982
2441,8394,9900
2442,8395,9898
2443,8397,9907
2444,8401,10761
2445,8437,10017
2446,8440,10810
2447,8446,9880
2448,8459,9881
2449,8469,10022
2450,8562,9113
2451,8574,8952
2452,8599,9574
2453,8631,9188
2454,8646,8873
2455,8656,11136
2456,8669,9935
2457,8678,9595
2458,8683,10417
2459,8684,11143
2460,8690,10520
2461,8691,9918
2462,8692,10151
2463,8701,10708
2464,8702,9577
2465,8703,9677
2466,8705,10289
2467,8706,9996
2468,8708,11017
2469,8710,10194
2470,8711,10838
2471,8713,10026
2472,8714,10028
2473,8715,10103
2474,8716,9934
2475,8718,9690
2476,8719,9999
2477,8722,10836
2478,8723,9919
2479,8724,10153
2480,8725,10228
2481,8727,9925
2482,8729,10233
2483,8731,10113
2484,8735,10114
2485,8737,10053
2486,8738,9962
2487,8739,10164
2488,8740,10246
2489,8742,10165
2490,8745,10166
2491,8746,11287
2492,8748,11315
2493,8750,9952
2494,8751,9954
2495,8752,10122
2496,8755,10328
2497,8759,11342
2498,8761,9974
2499,8762,11041
2500,8764,10590
2501,8771,9933
2502,8774,10293
2503,8776,11291
2504,8777,9990
2505,8778,9387
2506,8780,9995
2507,8781,9393
2508,8784,10287
2509,8785,9958
2510,8786,9093
2511,8789,10003
2512,8790,10191
2513,8791,10307
2514,8792,10005
2515,8793,10192
2516,8794,10139
2517,8795,10037
2518,8796,10316
2519,8797,9897
2520,8799,9855
2521,8800,9977
2522,8801,10637
2523,8802,10839
2524,8803,9796
2525,8804,10143
2526,8810,10400
2527,8811,11402
2528,8812,9078
2529,8813,10981
2530,8814,10147
2531,8815,10184
2532,8816,9555
2533,8817,10021
2534,8818,10317
2535,8819,10024
2536,8820,9132
2537,8821,10219
2538,8823,10766
2539,8826,9620
2540,8827,10322
2541,8828,10905
2542,8829,10959
2543,8831,10744
2544,8835,11024
2545,8837,10242
2546,8838,10389
2547,8841,11401
2548,8842,11429
2549,8844,9868
2550,8850,11417
2551,8851,10125
2552,8854,10063
2553,8856,10064
2554,8857,10513
2555,8861,9856
2556,8862,10783
2557,8865,11409
2558,8866,9876
2559,8867,9254
2560,8868,10796
2561,8869,10492
2562,8870,10340
2563,8871,10799
2564,8872,10924
2565,8874,9831
2566,8875,10012
2567,8878,10516
2568,8884,10644
2569,8886,11150
2570,8887,11101
2571,8888,9811
2572,8889,9951
2573,8892,10442
2574,8893,9194
2575,8898,9905
2576,8899,10261
2577,8902,10245
2578,8903,10108
2579,8904,9357
2580,8906,10154
2581,8908,10422
2582,8910,10263
2583,8914,10105
2584,8915,10237
2585,8918,10076
2586,8919,10250
2587,8927,10121
2588,8928,10737
2589,8929,10267
2590,8932,9675
2591,8933,10133
2592,8934,10000
2593,8935,10438
2594,8937,10104
2595,8938,10188
2596,8939,10141
2597,8940,10447
2598,8941,10371
2599,8942,9414
2600,8945,10144
2601,8948,10216
2602,8949,10707
2603,8950,11297
2604,8951,10140
2605,8953,10223
2606,8954,10645
2607,8955,9446
2608,8956,9253
2609,8957,9865
2610,8958,10235
2611,8960,9599
2612,8961,10922
2613,8962,10495
2614,8963,10474
2615,8965,10329
2616,8966,10253
2617,8967,10116
2618,8968,9778
2619,8970,10553
2620,8972,10465
2621,8974,10183
2622,8975,10280
2623,8976,10284
2624,8977,10591
2625,8978,10593
2626,8979,10295
2627,8980,9691
2628,8981,11006
2629,8982,10493
2630,8983,10912
2631,8985,10469
2632,8986,10642
2633,8988,11328
2634,8989,10324
2635,8991,10652
2636,8993,10320
2637,8994,10638
2638,8995,9727
2639,8996,10325
2640,8998,10601
2641,8999,10916
2642,9000,9335
2643,9001,10542
2644,9002,10914
2645,9003,10323
2646,9004,10145
2647,9005,10413
2648,9006,10217
2649,9007,10275
2650,9009,10255
2651,9010,10415
2652,9011,10653
2653,9012,10311
2654,9014,10149
2655,9015,9640
2656,9016,10225
2657,9017,10106
2658,9018,9617
2659,9019,10227
2660,9020,10353
2661,9021,10555
2662,9023,10656
2663,9025,10728
2664,9027,10156
2665,9028,9626
2666,9029,9627
2667,9030,11046
2668,9031,10650
2669,9032,10382
2670,9033,10807
2671,9034,10549
2672,9035,10427
2673,9037,10500
2674,9038,10243
2675,9039,10731
2676,9040,10429
2677,9041,10793
2678,9042,10304
2679,9043,10515
2680,9044,10306
2681,9045,10249
2682,9046,10168
2683,9047,10169
2684,9048,10254
2685,9049,10117
2686,9050,10589
2687,9051,10260
2688,9053,11077
2689,9054,10488
2690,9055,10573
2691,9056,11078
2692,9058,10266
2693,9059,11036
2694,9060,10971
2695,9061,10658
2696,9062,10560
2697,9063,10271
2698,9064,10380
2699,9065,10286
2700,9066,10272
2701,9067,10178
2702,9068,10179
2703,9069,10706
2704,9070,10678
2705,9071,9824
2706,9072,10180
2707,9073,10859
2708,9074,10556
2709,9075,10150
2710,9076,10483
2711,9079,11087
2712,9080,10283
2713,9081,10487
2714,9082,10514
2715,9083,10798
2716,9084,11268
2717,9085,10185
2718,9086,10910
2719,9087,10816
2720,9088,10915
2721,9089,10819
2722,9090,9196
2723,9091,10616
2724,9092,10210
2725,9094,10288
2726,9095,10099
2727,9096,10308
2728,9097,9776
2729,9098,10434
2730,9099,10310
2731,9100,10220
2732,9102,10313
2733,9103,10142
2734,9104,10315
2735,9105,10186
2736,9107,10502
2737,9108,10395
2738,9109,10195
2739,9110,10460
2740,9111,10634
2741,9112,10197
2742,9116,11255
2743,9117,10701
2744,9118,10928
2745,9119,10463
2746,9120,9487
2747,9121,10158
2748,9122,10333
2749,9123,9616
2750,9124,9702
2751,9125,10567
2752,9126,10258
2753,9127,10506
2754,9129,10367
2755,9130,10643
2756,9133,10326
2757,9136,9857
2758,9137,10547
2759,9138,10332
2760,9139,10359
2761,9140,9936
2762,9144,10363
2763,9145,10423
2764,9146,10967
2765,9147,9993
2766,9148,10336
2767,9149,10407
2768,9150,10366
2769,9152,9955
2770,9153,10671
2771,9154,10398
2772,9156,9961
2773,9157,10296
2774,9160,10517
2775,9161,10524
2776,9162,10623
2777,9163,10375
2778,9164,10978
2779,9165,11191
2780,9166,10282
2781,9172,10373
2782,9174,10347
2783,9175,10466
2784,9176,10929
2785,9178,10319
2786,9180,10935
2787,9181,9417
2788,9185,10399
2789,9187,10352
2790,9191,10409
2791,9192,9870
2792,9193,10268
2793,9198,11221
2794,9199,10518
2795,9200,10522
2796,9201,10621
2797,9202,10420
2798,9206,10509
2799,9207,10201
2800,9208,10234
2801,9209,10100
2802,9210,10425
2803,9212,10554
2804,9215,10565
2805,9216,10538
2806,9218,10703
2807,9219,10550
2808,9220,10248
2809,9222,10581
2810,9224,10338
2811,9225,10440
2812,9226,10433
2813,9227,9827
2814,9228,9689
2815,9229,10606
2816,9231,10450
2817,9233,10672
2818,9236,10451
2819,9237,10452
2820,9238,10416
2821,9239,10312
2822,9240,10453
2823,9241,9908
2824,9242,10073
2825,9244,10457
2826,9245,10808
2827,9246,10507
2828,9247,10762
2829,9249,10503
2830,9251,9763
2831,9252,11063
2832,9255,10355
2833,9257,11284
2834,9258,9515
2835,9260,10811
2836,9261,10933
2837,9262,10777
2838,9263,11074
2839,9264,10668
2840,9265,10462
2841,9267,10485
2842,9268,10162
2843,9269,9871
2844,9270,10494
2845,9272,10785
2846,9273,10646
2847,9274,10585
2848,9276,11187
2849,9279,10599
2850,9280,10569
2851,9281,10932
2852,9282,11209
2853,9283,10654
2854,9284,10782
2855,9285,9696
2856,9286,10797
2857,9287,10077
2858,9288,9704
2859,9290,10390
2860,9291,10994
2861,9292,10627
2862,9293,10088
2863,9294,10948
2864,9295,10633
2865,9296,11105
2866,9297,10763
2867,9298,10584
2868,9299,11086
2869,9300,10539
2870,9301,10401
2871,9302,10541
2872,9303,10604
2873,9304,10557
2874,9306,10989
2875,9307,9594
2876,9308,10956
2877,9309,10615
2878,9310,10826
2879,9311,10828
2880,9312,10598
2881,9313,10570
2882,9314,10548
2883,9315,11142
2884,9316,10529
2885,9317,10947
2886,9318,10655
2887,9319,9832
2888,9321,10052
2889,9322,10109
2890,9323,10356
2891,9324,10511
2892,9325,11001
2893,9326,10543
2894,9328,10424
2895,9330,10972
2896,9331,10964
2897,9332,10512
2898,9333,10756
2899,9334,10361
2900,9336,10852
2901,9337,10741
2902,9338,10855
2903,9339,10471
2904,9340,10558
2905,9342,10430
2906,9343,11166
2907,9344,10526
2908,9345,10365
2909,9346,10476
2910,9347,10431
2911,9348,10564
2912,9349,10566
2913,9350,10865
2914,9352,10259
2915,9353,10435
2916,9355,10979
2917,9356,10572
2918,9358,10369
2919,9359,10845
2920,9360,10370
2921,9361,10580
2922,9362,10582
2923,9363,10372
2924,9364,10479
2925,9365,10480
2926,9366,10586
2927,9367,10976
2928,9368,10977
2929,9369,10587
2930,9370,9672
2931,9371,10279
2932,9372,10595
2933,9373,11190
2934,9375,10410
2935,9376,10578
2936,9377,10894
2937,9378,10486
2938,9381,10490
2939,9382,10090
2940,9383,10221
2941,9384,10607
2942,9385,10608
2943,9386,10909
2944,9388,11206
2945,9389,9601
2946,9390,10987
2947,9391,10497
2948,9392,9602
2949,9394,10784
2950,9395,10873
2951,9396,10754
2952,9397,10618
2953,9398,9753
2954,9399,10624
2955,9400,10625
2956,9401,10418
2957,9402,10802
2958,9406,9714
2959,9407,10632
2960,9408,10791
2961,9409,10858
2962,9410,11208
2963,9411,10698
2964,9412,10397
2965,9413,10955
2966,9416,10358
2967,9418,10937
2968,9420,10331
2969,9421,10568
2970,9422,11232
2971,9423,10617
2972,9424,10510
2973,9425,10719
2974,9426,10827
2975,9427,10750
2976,9428,10478
2977,9429,10876
2978,9431,10182
2979,9435,10803
2980,9436,10919
2981,9437,10822
2982,9438,10651
2983,9439,11098
2984,9440,10830
2985,9441,9771
2986,9442,10957
2987,9443,10689
2988,9445,10530
2989,9447,10327
2990,9448,10661
2991,9449,10846
2992,9452,10054
2993,9453,10667
2994,9454,10491
2995,9455,10687
2996,9456,10685
2997,9457,9711
2998,9458,10875
2999,9459,10270
3000,9461,10239
3001,9462,10583
3002,9463,10885
3003,9464,10695
3004,9465,10847
3005,9467,10980
3006,9468,10596
3007,9469,10902
3008,9470,9829
3009,9471,10985
3010,9472,11269
3011,9473,10281
3012,9474,10301
3013,9475,10386
3014,9476,11216
3015,9477,10755
3016,9478,10732
3017,9479,11267
3018,9480,10752
3019,9482,10696
3020,9483,10504
3021,9485,10218
3022,9486,9899
3023,9488,11073
3024,9489,10665
3025,9490,10036
3026,9493,11020
3027,9497,10546
3028,9499,9790
3029,9500,10669
3030,9501,10251
3031,9502,10446
3032,9503,10869
3033,9504,10175
3034,9510,10193
3035,9511,10823
3036,9512,10723
3037,9513,11000
3038,9514,10528
3039,9520,10428
3040,9521,10946
3041,9522,10441
3042,9524,10730
3043,9525,10781
3044,9527,10426
3045,9529,10748
3046,9530,10881
3047,9531,10854
3048,9532,10717
3049,9533,10773
3050,9534,11054
3051,9535,10898
3052,9536,10449
3053,9537,10926
3054,9538,10626
3055,9539,9698
3056,9540,10552
3057,9541,11220
3058,9543,10923
3059,9544,10079
3060,9545,10882
3061,9546,10725
3062,9547,10724
3063,9548,11032
3064,9549,11072
3065,9550,10880
3066,9551,10829
3067,9552,10768
3068,9553,9903
3069,9554,11239
3070,9556,10354
3071,9557,9920
3072,9558,11003
3073,9559,10609
3074,9560,10459
3075,9561,10776
3076,9562,11104
3077,9563,11081
3078,9564,10895
3079,9565,10863
3080,9566,10171
3081,9567,10871
3082,9568,10874
3083,9569,11033
3084,9570,11080
3085,9571,10940
3086,9572,10860
3087,9573,10831
3088,9576,10888
3089,9578,11048
3090,9579,10448
3091,9580,11108
3092,9581,11109
3093,9582,10290
3094,9583,10984
3095,9584,11082
3096,9585,10794
3097,9586,10918
3098,9588,10562
3099,9589,10787
3100,9590,10718
3101,9591,11229
3102,9592,10804
3103,9593,10771
3104,9596,10758
3105,9597,10939
3106,9598,10812
3107,9600,10679
3108,9603,10805
3109,9604,10346
3110,9605,11013
3111,9606,10857
3112,9607,10907
3113,9608,11064
3114,9609,11134
3115,9610,10765
3116,9611,11039
3117,9612,10848
3118,9613,10833
3119,9614,10927
3120,9618,10635
3121,9621,10726
3122,9623,11411
3123,9624,10842
3124,9628,10170
3125,9629,11156
3126,9630,10519
3127,9631,10849
3128,9632,11159
3129,9633,11060
3130,9634,11161
3131,9635,10163
3132,9636,11162
3133,9637,10853
3134,9638,11027
3135,9639,11164
3136,9641,11004
3137,9642,11165
3138,9643,10561
3139,9644,10778
3140,9645,10682
3141,9647,10779
3142,9648,10864
3143,9649,10866
3144,9650,11188
3145,9651,10868
3146,9652,10735
3147,9653,10736
3148,9655,11175
3149,9656,10657
3150,9657,10649
3151,9658,11178
3152,9659,11231
3153,9661,10740
3154,9662,10883
3155,9663,11215
3156,9664,10767
3157,9665,10743
3158,9666,10349
3159,9667,10481
3160,9668,10886
3161,9669,10374
3162,9670,10357
3163,9673,10889
3164,9674,10484
3165,9678,10809
3166,9679,10911
3167,9680,10733
3168,9681,11121
3169,9682,10900
3170,9684,10941
3171,9685,11236
3172,9686,11256
3173,9687,11034
3174,9688,10603
3175,9692,10751
3176,9694,10693
3177,9695,10843
3178,9697,10045
3179,9699,11094
3180,9701,10920
3181,9703,10921
3182,9705,11097
3183,9706,11055
3184,9707,11029
3185,9709,11056
3186,9710,10824
3187,9713,10790
3188,9715,10720
3189,9716,10931
3190,9717,11210
3191,9718,10016
3192,9719,10699
3193,9720,10917
3194,9721,11061
3195,9722,10702
3196,9723,10897
3197,9724,11235
3198,9725,10704
3199,9726,10477
3200,9728,10997
3201,9732,11035
3202,9733,10602
3203,9734,10276
3204,9735,10953
3205,9737,10525
3206,9739,10230
3207,9740,10533
3208,9741,10534
3209,9743,10814
3210,9744,10468
3211,9746,10906
3212,9747,10222
3213,9748,10962
3214,9750,10995
3215,9751,10968
3216,9752,10913
3217,9754,10861
3218,9755,10965
3219,9756,10673
3220,9757,10991
3221,9758,10577
3222,9760,10884
3223,9762,10273
3224,9764,10975
3225,9765,10015
3226,9767,10982
3227,9768,10381
3228,9769,10952
3229,9770,10394
3230,9772,10187
3231,9773,10988
3232,9774,11213
3233,9777,10993
3234,9779,11254
3235,9780,10080
3236,9782,10640
3237,9783,10938
3238,9784,10335
3239,9785,11250
3240,9786,10089
3241,9787,11062
3242,9791,10709
3243,9792,10710
3244,9793,11418
3245,9794,10749
3246,9795,10614
3247,9800,10414
3248,9801,11137
3249,9802,10835
3250,9803,11019
3251,9804,10727
3252,9806,11133
3253,9807,11224
3254,9808,11226
3255,9809,11242
3256,9810,10711
3257,9812,10870
3258,9813,10872
3259,9814,11240
3260,9815,10738
3261,9817,10944
3262,9818,11023
3263,9819,11173
3264,9820,10742
3265,9822,10893
3266,9823,11045
3267,9825,10786
3268,9828,11119
3269,9830,10908
3270,9833,10753
3271,9834,11222
3272,9835,11057
3273,9837,10930
3274,9838,11233
3275,9839,10949
3276,9842,11018
3277,9844,10330
3278,9846,10087
3279,9847,11139
3280,9848,10789
3281,9849,10152
3282,9851,10631
3283,9852,10840
3284,9854,10536
3285,9859,10792
3286,9861,10856
3287,9862,10299
3288,9866,11075
3289,9867,11171
3290,9869,10174
3291,9872,10176
3292,9873,11038
3293,9874,11189
3294,9877,10148
3295,9878,11196
3296,9879,11005
3297,9882,10294
3298,9883,10801
3299,9884,11201
3300,9885,11091
3301,9886,10384
3302,9887,10298
3303,9888,11262
3304,9889,10879
3305,9890,10990
3306,9891,10986
3307,9892,10292
3308,9893,10691
3309,9894,10716
3310,9895,10501
3311,9896,11058
3312,9901,10527
3313,9902,10508
3314,9904,11200
3315,9906,11197
3316,9909,10659
3317,9911,11015
3318,9912,10348
3319,9913,11085
3320,9914,10832
3321,9915,11069
3322,9916,11031
3323,9917,10813
3324,9921,10535
3325,9922,11149
3326,9923,10540
3327,9924,10563
3328,9926,11151
3329,9927,10961
3330,9929,11021
3331,9931,10600
3332,9937,10722
3333,9938,10473
3334,9940,10943
3335,9942,10209
3336,9943,11163
3337,9946,10364
3338,9947,11088
3339,9948,10960
3340,9950,11089
3341,9956,10318
3342,9957,11050
3343,9960,10877
3344,9963,10264
3345,9966,11170
3346,9967,11181
3347,9968,10062
3348,9969,10974
3349,9970,11184
3350,9971,11070
3351,9972,11084
3352,9973,11124
3353,9975,10376
3354,9976,10945
3355,9978,10181
3356,9979,10963
3357,9980,10597
3358,9984,11125
3359,9985,11047
3360,9986,10903
3361,9987,10208
3362,9988,10605
3363,9989,10537
3364,9992,10383
3365,9994,10207
3366,9997,10613
3367,9998,11127
3368,10001,11214
3369,10002,10211
3370,10004,10715
3371,10007,10610
3372,10009,11028
3373,10010,11110
3374,10011,11199
3375,10014,10837
3376,10018,10966
3377,10019,10996
3378,10020,10344
3379,10023,11167
3380,10025,11259
3381,10027,11126
3382,10029,11120
3383,10030,11114
3384,10031,10408
3385,10032,11040
3386,10033,11042
3387,10041,10274
3388,10042,10958
3389,10043,10769
3390,10044,10936
3391,10047,11204
3392,10049,10559
3393,10055,11030
3394,10057,10571
3395,10058,10436
3396,10059,10674
3397,10060,10437
3398,10061,10878
3399,10065,10278
3400,10066,10788
3401,10067,11195
3402,10069,10297
3403,10071,10683
3404,10072,10686
3405,10075,10579
3406,10083,11157
3407,10084,10950
3408,10085,11146
3409,10086,10775
3410,10091,10224
3411,10092,11071
3412,10096,11007
3413,10101,10505
3414,10107,11141
3415,10112,10664
3416,10115,10204
3417,10118,11182
3418,10120,10780
3419,10123,11174
3420,10126,10575
3421,10128,11025
3422,10129,11183
3423,10130,10680
3424,10134,10899
3425,10135,11148
3426,10136,10983
3427,10137,10302
3428,10159,11068
3429,10160,10489
3430,10172,11093
3431,10196,10825
3432,10199,10345
3433,10202,10901
3434,10203,10240
3435,10205,10834
3436,10206,10904
3437,10212,11099
3438,10215,10844
3439,10226,10815
3440,10231,10820
3441,10232,11152
3442,10236,11272
3443,10241,11051
3444,10247,10770
3445,10252,11264
3446,10257,10454
3447,10285,11260
3448,10291,10818
3449,10305,11008
3450,10321,11193
3451,10334,10821
3452,10341,11212
3453,10351,10532
3454,10362,11002
3455,10378,10746
3456,10387,10757
3457,10388,10714
3458,10396,11103
3459,10403,11397
3460,10467,10660
3461,10472,10891
3462,10499,10795
3463,10531,11192
3464,10551,11138
3465,10574,11234
3466,10588,11186
3467,10592,10890
3468,10594,11194
3469,10611,11052
3470,10612,11053
3471,10620,11011
3472,10629,11009
3473,10636,11092
3474,10677,11411
3475,10925,11271
3476,10934,11106
3477,10505,11107
3478,8958,11116
3479,11051,11118
3480,10344,11131
3481,10254,11168
3482,9304,11198
3483,9157,11202
3484,10609,11205
3485,10298,11207
3486,10294,11211
3487,11047,11217
3488,9704,11218
3489,10924,11223
3490,10928,11227
3491,10158,11237
3492,9291,11252
3493,10024,11257
3494,10477,11258
3495,11110,11273
3496,10503,11274
3497,9267,11275
3498,10493,11281
3499,8980,11282
3500,9869,11289
3501,10028,11295
3502,9666,11298
3503,9357,11302
3504,10357,11306
3505,9356,11317
3506,9815,11319
3507,10583,11320
3508,9372,11322
3509,8702,11323
3510,8813,11324
3511,9752,11329
3512,8816,11332
3513,10620,11335
3514,9161,11345
3515,9848,11347
3516,11072,11354
3517,9066,11367
3518,10588,11368
3519,10889,11371
3520,8978,11372
3521,10894,11373
3522,9988,11377
3523,9538,11385
3524,8991,11386
3525,9233,11404
3526,10859,11412
3527,10150,11414
3528,11194,11416
3529,10870,11421
3530,10317,11422
3531,10418,11427
3532,10944,11430
3533,8394,11433
3534,9299,11434
3535,11489,11824
3536,11497,13395
3537,11524,12782
3538,11529,14711
3539,11532,11583
3540,11534,13932
3541,11554,14087
3542,11574,14847
3543,11581,11952
3544,11595,13549
3545,11605,12167
3546,11620,12752
3547,11622,12222
3548,11626,14156
3549,11628,12086
3550,11634,14123
3551,11635,12580
3552,11641,14041
3553,11659,12969
3554,11705,14463
3555,11718,12359
3556,11737,12687
3557,11754,12932
3558,11758,12179
3559,11766,12654
3560,11769,14000
3561,11778,12494
3562,11789,13971
3563,11794,13054
3564,11809,13481
3565,11817,12548
3566,11823,12584
3567,11828,14782
3568,11841,12516
3569,11852,12823
3570,11857,15249
3571,11866,13366
3572,11867,14175
3573,11870,12661
3574,11871,12987
3575,11872,12042
3576,11879,12166
3577,11883,13805
3578,11886,12697
3579,11905,13318
3580,11913,14066
3581,11920,12265
3582,11935,13023
3583,11943,12935
3584,11947,13711
3585,11955,12705
3586,11956,13396
3587,11960,15045
3588,12001,13112
3589,12017,13991
3590,12023,14010
3591,12024,14012
3592,12025,14015
3593,12028,13384
3594,12044,13917
3595,12063,13799
3596,12067,13073
3597,12069,13258
3598,12073,13895
3599,12102,12781
3600,12131,15025
3601,12136,12964
3602,12165,13954
3603,12233,14779
3604,12234,15114
3605,12235,15237
3606,12251,15235
3607,12252,14727
3608,12269,15035
3609,12281,15195
3610,12285,13858
3611,12291,12761
3612,12295,15051
3613,12296,15094
3614,12329,12504
3615,12331,15111
3616,12338,14796
3617,12349,15087
3618,12352,15089
3619,12353,13554
3620,12423,13019
3621,12466,14464
3622,12487,13136
3623,12525,14875
3624,12558,13614
3625,12561,13884
3626,12566,13485
3627,12571,13905
3628,12572,13104
3629,12576,13173
3630,12589,15129
3631,12590,14898
3632,12591,14022
3633,12605,14136
3634,12607,15186
3635,12610,13781
3636,12612,13652
3637,12615,13915
3638,12617,14309
3639,12618,13854
3640,12623,15200
3641,12624,13950
3642,12625,15203
3643,12631,14235
3644,12641,13819
3645,12644,13970
3646,12647,15043
3647,12648,14580
3648,12651,13413
3649,12653,13995
3650,12655,13562
3651,12656,14569
3652,12668,14482
3653,12670,15055
3654,12676,14233
3655,12678,14816
3656,12680,14050
3657,12682,15083
3658,12683,15187
3659,12685,14065
3660,12688,15068
3661,12689,14077
3662,12690,15092
3663,12692,13607
3664,12693,13502
3665,12701,13726
3666,12703,14354
3667,12709,13856
3668,12710,13252
3669,12713,14067
3670,12714,13972
3671,12715,15119
3672,12716,14064
3673,12717,15018
3674,12720,14922
3675,12722,13994
3676,12723,15134
3677,12728,14630
3678,12729,13997
3679,12733,15360
3680,12735,15161
3681,12736,14009
3682,12738,14016
3683,12739,14182
3684,12740,15033
3685,12744,14519
3686,12748,15173
3687,12750,14190
3688,12751,13468
3689,12754,14023
3690,12756,14055
3691,12757,14097
3692,12758,13024
3693,12759,14232
3694,12763,13503
3695,12764,14140
3696,12765,13969
3697,12766,14062
3698,12767,13963
3699,12768,14573
3700,12770,13707
3701,12771,13336
3702,12772,14170
3703,12773,14210
3704,12774,14212
3705,12776,14625
3706,12777,14216
3707,12784,14439
3708,12785,13952
3709,12786,14620
3710,12787,14032
3711,12788,14997
3712,12789,14967
3713,12790,14042
3714,12791,14094
3715,12793,15282
3716,12794,14818
3717,12796,14052
3718,12797,14153
3719,12798,14714
3720,12799,14221
3721,12801,14072
3722,12802,14247
3723,12803,14661
3724,12804,14078
3725,12806,15379
3726,12808,14307
3727,12809,13657
3728,12810,13900
3729,12811,14034
3730,12812,13955
3731,12813,13966
3732,12814,14046
3733,12815,14026
3734,12816,13967
3735,12817,13941
3736,12818,13901
3737,12819,14266
3738,12820,14158
3739,12821,13092
3740,12822,14177
3741,12824,13975
3742,12825,13682
3743,12826,13860
3744,12828,14531
3745,12829,13977
3746,12830,14689
3747,12831,14372
3748,12832,14090
3749,12833,14293
3750,12834,14144
3751,12837,14130
3752,12839,13844
3753,12840,13692
3754,12842,13829
3755,12844,14461
3756,12846,13990
3757,12850,14171
3758,12851,13418
3759,12852,14473
3760,12853,13993
3761,12854,14113
3762,12855,14332
3763,12856,13996
3764,12858,14306
3765,12859,14172
3766,12860,14520
3767,12861,13455
3768,12862,14312
3769,12864,14076
3770,12865,14889
3771,12866,14084
3772,12868,14179
3773,12869,14985
3774,12870,14181
3775,12871,14328
3776,12873,14184
3777,12875,13974
3778,12876,14479
3779,12877,14155
3780,12878,14671
3781,12879,15073
3782,12880,14339
3783,12881,14619
3784,12882,14088
3785,12886,14524
3786,12887,14990
3787,12888,15172
3788,12889,14485
3789,12890,13742
3790,12891,13933
3791,12892,13887
3792,12894,14425
3793,12895,14577
3794,12896,13462
3795,12897,14028
3796,12898,14359
3797,12899,14635
3798,12900,13919
3799,12901,13936
3800,12902,13305
3801,12903,14160
3802,12904,13760
3803,12905,14939
3804,12906,14302
3805,12907,13610
3806,12908,14389
3807,12909,14197
3808,12911,14070
3809,12913,13948
3810,12914,14543
3811,12915,13951
3812,12916,14662
3813,12917,13316
3814,12918,14080
3815,12919,15159
3816,12920,13771
3817,12921,14085
3818,12922,13378
3819,12923,14349
3820,12924,14787
3821,12925,14303
3822,12926,14529
3823,12927,14195
3824,12928,13945
3825,12929,14678
3826,12930,14850
3827,12931,14394
3828,12936,14393
3829,12938,13989
3830,12939,14110
3831,12940,13698
3832,12942,14141
3833,12944,14098
3834,12945,14715
3835,12947,14118
3836,12950,14017
3837,12952,13215
3838,12953,14710
3839,12956,14217
3840,12957,13827
3841,12960,13935
3842,12961,13690
3843,12965,14132
3844,12967,14058
3845,12968,14135
3846,12970,14114
3847,12971,15013
3848,12973,13789
3849,12975,14639
3850,12980,14213
3851,12991,14363
3852,12993,14159
3853,12994,14161
3854,12997,13958
3855,12998,14082
3856,12999,13987
3857,13001,14169
3858,13002,14296
3859,13003,14611
3860,13004,14406
3861,13005,14267
3862,13006,14318
3863,13007,13588
3864,13008,14319
3865,13009,14321
3866,13011,14327
3867,13013,14189
3868,13014,14918
3869,13015,14979
3870,13016,14367
3871,13017,14157
3872,13021,14061
3873,13022,14269
3874,13026,14376
3875,13028,13410
3876,13029,14187
3877,13030,14281
3878,13031,14547
3879,13032,13801
3880,13033,14385
3881,13034,14496
3882,13035,14545
3883,13036,13453
3884,13037,15003
3885,13039,14511
3886,13040,14512
3887,13041,14310
3888,13042,14553
3889,13043,14756
3890,13044,14147
3891,13046,14323
3892,13047,14516
3893,13048,14609
3894,13049,14500
3895,13050,14706
3896,13051,14518
3897,13052,14227
3898,13053,14225
3899,13055,13401
3900,13056,14300
3901,13057,14623
3902,13060,14174
3903,13061,14352
3904,13062,14919
3905,13063,14528
3906,13064,14256
3907,13065,14361
3908,13066,14770
3909,13068,14535
3910,13069,14380
3911,13071,14536
3912,13072,14373
3913,13074,14245
3914,13075,14540
3915,13076,14248
3916,13077,14260
3917,13078,14377
3918,13079,14278
3919,13080,14200
3920,13081,14253
3921,13082,14581
3922,13083,14595
3923,13085,14214
3924,13086,14895
3925,13087,14938
3926,13088,14879
3927,13089,14929
3928,13090,14199
3929,13091,14562
3930,13093,14456
3931,13094,14048
3932,13095,14687
3933,13096,13584
3934,13097,13957
3935,13098,14855
3936,13100,14275
3937,13101,14201
3938,13102,14397
3939,13105,14784
3940,13106,14107
3941,13107,14647
3942,13108,14549
3943,13109,13910
3944,13110,14550
3945,13111,14204
3946,13113,14196
3947,13114,14341
3948,13115,14111
3949,13116,14588
3950,13117,14480
3951,13119,14697
3952,13120,14591
3953,13121,14475
3954,13122,14576
3955,13123,14344
3956,13124,14252
3957,13125,14467
3958,13126,14311
3959,13127,14109
3960,13128,14679
3961,13129,14757
3962,13131,14316
3963,13132,14350
3964,13133,14277
3965,13134,14491
3966,13135,14320
3967,13137,14208
3968,13139,14803
3969,13140,13920
3970,13142,14704
3971,13143,14290
3972,13144,14596
3973,13145,14379
3974,13146,14513
3975,13147,14125
3976,13148,14615
3977,13149,14346
3978,13150,14904
3979,13151,14708
3980,13152,14709
3981,13153,13451
3982,13154,14593
3983,13155,14223
3984,13156,14337
3985,13157,14228
3986,13158,14386
3987,13159,15075
3988,13160,13928
3989,13161,15088
3990,13162,14348
3991,13163,14284
3992,13164,14663
3993,13165,14234
3994,13166,15027
3995,13167,14821
3996,13168,14356
3997,13169,14419
3998,13170,15371
3999,13172,14358
4000,13174,15082
4001,13175,14823
4002,13176,14798
4003,13177,15070
4004,13178,15190
4005,13179,14488
4006,13181,14081
4007,13182,14263
4008,13183,13764
4009,13184,14299
4010,13185,13656
4011,13186,14455
4012,13187,14492
4013,13188,14272
4014,13190,14409
4015,13191,14244
4016,13193,14264
4017,13194,14246
4018,13195,14660
4019,13196,13661
4020,13197,14249
4021,13198,14374
4022,13199,14454
4023,13200,15168
4024,13201,14642
4025,13202,14644
4026,13203,14241
4027,13204,13628
4028,13205,13953
4029,13206,14138
4030,13207,14317
4031,13208,13640
4032,13209,14384
4033,13210,13504
4034,13213,14291
4035,13216,14391
4036,13217,14392
4037,13218,14667
4038,13219,14586
4039,13220,14396
4040,13221,14292
4041,13222,14202
4042,13224,13911
4043,13225,14166
4044,13227,14019
4045,13228,14112
4046,13230,14578
4047,13231,14305
4048,13234,14415
4049,13235,14220
4050,13237,14610
4051,13238,14618
4052,13239,14347
4053,13240,15366
4054,13242,14430
4055,13244,14435
4056,13246,13542
4057,13247,13483
4058,13248,15189
4059,13249,14331
4060,13251,14428
4061,13253,14452
4062,13254,14648
4063,13255,14369
4064,13256,14431
4065,13257,14422
4066,13260,14336
4067,13261,15050
4068,13262,14215
4069,13264,14437
4070,13265,14477
4071,13267,14180
4072,13274,14053
4073,13275,14641
4074,13277,13940
4075,13278,14541
4076,13279,14566
4077,13280,14457
4078,13282,13404
4079,13283,14288
4080,13284,14470
4081,13286,14589
4082,13287,14494
4083,13288,14886
4084,13289,14486
4085,13290,14471
4086,13291,14322
4087,13292,14416
4088,13293,14559
4089,13294,14806
4090,13296,14613
4091,13299,14186
4092,13300,14334
4093,13301,14478
4094,13302,14914
4095,13303,14191
4096,13304,14274
4097,13308,14775
4098,13310,14650
4099,13311,14565
4100,13312,13547
4101,13313,14649
4102,13315,13834
4103,13317,14664
4104,13319,15158
4105,13320,14458
4106,13321,14326
4107,13322,15228
4108,13323,15185
4109,13324,14495
4110,13325,14789
4111,13326,13738
4112,13327,14498
4113,13328,14506
4114,13329,15204
4115,13330,14828
4116,13331,14691
4117,13333,14652
4118,13334,15217
4119,13335,15165
4120,13337,13913
4121,13338,14978
4122,13339,13747
4123,13341,15166
4124,13342,14925
4125,13343,15220
4126,13344,14289
4127,13345,14243
4128,13346,14819
4129,13347,13716
4130,13348,13921
4131,13349,14222
4132,13350,15207
4133,13351,15202
4134,13352,14229
4135,13354,14913
4136,13356,14682
4137,13357,14926
4138,13358,14986
4139,13359,14636
4140,13360,14637
4141,13361,14932
4142,13362,14185
4143,13363,14643
4144,13364,14826
4145,13365,14638
4146,13367,14944
4147,13368,14655
4148,13369,14742
4149,13370,14538
4150,13371,14948
4151,13372,14696
4152,13373,14251
4153,13374,14657
4154,13375,14582
4155,13377,14629
4156,13380,13791
4157,13382,15054
4158,13383,15065
4159,13385,15060
4160,13387,14764
4161,13388,14631
4162,13389,14888
4163,13390,14868
4164,13391,14658
4165,13392,14848
4166,13393,14971
4167,13394,14741
4168,13397,15002
4169,13398,14459
4170,13399,15052
4171,13400,14612
4172,13402,13906
4173,13403,14056
4174,13405,14674
4175,13406,13689
4176,13407,14329
4177,13408,14466
4178,13411,14460
4179,13414,14587
4180,13415,14403
4181,13416,14675
4182,13417,14778
4183,13419,13992
4184,13420,14590
4185,13421,14537
4186,13422,14878
4187,13423,15004
4188,13424,14927
4189,13425,14698
4190,13426,14754
4191,13427,14940
4192,13428,15064
4193,13429,15359
4194,13430,14564
4195,13432,14890
4196,13433,14760
4197,13435,14601
4198,13436,13670
4199,13437,15156
4200,13438,14983
4201,13440,14924
4202,13441,14820
4203,13442,14226
4204,13443,15008
4205,13444,14751
4206,13445,14469
4207,13446,14398
4208,13447,14957
4209,13448,15072
4210,13449,14700
4211,13450,14988
4212,13452,14324
4213,13454,14841
4214,13457,15037
4215,13460,13673
4216,13463,14633
4217,13464,14472
4218,13465,14505
4219,13466,14532
4220,13467,14555
4221,13469,14773
4222,13471,14653
4223,13472,14043
4224,13473,14923
4225,13474,14936
4226,13475,14995
4227,13476,14572
4228,13477,14556
4229,13478,14645
4230,13479,14646
4231,13480,14780
4232,13482,14651
4233,13484,14297
4234,13486,14812
4235,13487,14656
4236,13488,14813
4237,13489,14951
4238,13490,15091
4239,13491,14544
4240,13492,14434
4241,13493,14739
4242,13494,14930
4243,13495,14797
4244,13497,14407
4245,13498,14991
4246,13499,14527
4247,13500,15077
4248,13501,14401
4249,13505,14987
4250,13506,14561
4251,13507,14301
4252,13508,14333
4253,13509,14230
4254,13512,14510
4255,13513,14558
4256,13514,14721
4257,13515,14265
4258,13516,14579
4259,13517,14400
4260,13519,14976
4261,13520,14571
4262,13522,14872
4263,13523,14695
4264,13524,14295
4265,13525,14731
4266,13526,14598
4267,13527,14732
4268,13528,15299
4269,13529,14603
4270,13531,14330
4271,13533,14614
4272,13534,14224
4273,13535,14616
4274,13536,14905
4275,13537,14906
4276,13538,14423
4277,13539,14447
4278,13540,14570
4279,13541,14817
4280,13543,14716
4281,13545,14933
4282,13546,14719
4283,13548,14654
4284,13551,14282
4285,13552,14669
4286,13553,13907
4287,13555,14526
4288,13556,14672
4289,13557,14673
4290,13559,14726
4291,13560,13889
4292,13561,14101
4293,13564,15125
4294,13565,14444
4295,13568,15038
4296,13571,14849
4297,13572,14846
4298,13573,14740
4299,13574,14851
4300,13575,14767
4301,13576,14859
4302,13577,14783
4303,13578,15356
4304,13579,14584
4305,13580,14748
4306,13581,15226
4307,13582,14463
4308,13583,14738
4309,13585,14902
4310,13586,14753
4311,13587,15146
4312,13589,14443
4313,13590,14600
4314,13591,15006
4315,13592,15007
4316,13594,15162
4317,13595,14807
4318,13596,14758
4319,13597,15074
4320,13598,14442
4321,13599,14811
4322,13600,14484
4323,13602,13741
4324,13603,14771
4325,13604,13757
4326,13605,14942
4327,13606,15009
4328,13608,13756
4329,13609,14777
4330,13611,14941
4331,13612,14943
4332,13613,14634
4333,13616,14785
4334,13617,14198
4335,13618,14788
4336,13619,14852
4337,13621,14915
4338,13622,14280
4339,13623,13980
4340,13625,14692
4341,13626,13793
4342,13627,14866
4343,13629,15012
4344,13632,15090
4345,13633,15059
4346,13634,14116
4347,13635,14761
4348,13636,14497
4349,13637,14893
4350,13638,14515
4351,13639,15069
4352,13641,15275
4353,13642,14552
4354,13643,14521
4355,13644,14624
4356,13645,14626
4357,13646,14917
4358,13648,14659
4359,13649,14911
4360,13650,13937
4361,13651,14763
4362,13654,14916
4363,13655,15086
4364,13658,14947
4365,13659,14640
4366,13660,14950
4367,13662,13982
4368,13663,14483
4369,13665,14961
4370,13666,14792
4371,13667,14501
4372,13668,13925
4373,13669,14800
4374,13671,13924
4375,13672,14676
4376,13674,14262
4377,13675,15046
4378,13676,14887
4379,13679,15062
4380,13680,15017
4381,13681,14877
4382,13683,14791
4383,13684,14857
4384,13685,15122
4385,13686,14340
4386,13687,14677
4387,13691,14795
4388,13693,14874
4389,13694,14743
4390,13695,14402
4391,13696,15135
4392,13697,14876
4393,13699,14209
4394,13700,15138
4395,13701,14592
4396,13702,13983
4397,13703,15142
4398,13704,14880
4399,13705,14882
4400,13706,14684
4401,13708,14597
4402,13709,14514
4403,13710,14854
4404,13712,14746
4405,13714,14762
4406,13715,14824
4407,13717,15227
4408,13718,15157
4409,13719,14984
4410,13720,14982
4411,13721,15201
4412,13722,15015
4413,13723,15034
4414,13724,14680
4415,13725,14707
4416,13727,14903
4417,13728,14420
4418,13729,14421
4419,13730,14560
4420,13731,14127
4421,13732,14681
4422,13733,14843
4423,13735,15170
4424,13736,15036
4425,13737,14735
4426,13739,14694
4427,13740,14533
4428,13743,14827
4429,13744,14815
4430,13745,14554
4431,13746,14683
4432,13748,15010
4433,13749,14557
4434,13750,14665
4435,13751,14283
4436,13752,14921
4437,13753,14752
4438,13754,14131
4439,13755,14523
4440,13758,14551
4441,13759,15041
4442,13761,14935
4443,13762,14994
4444,13763,15084
4445,13765,15044
4446,13767,14542
4447,13768,14900
4448,13769,14563
4449,13770,14946
4450,13772,14809
4451,13773,14832
4452,13774,14539
4453,13775,14960
4454,13776,14574
4455,13777,14949
4456,13778,14834
4457,13779,14835
4458,13780,14928
4459,13782,15024
4460,13783,15049
4461,13784,15026
4462,13785,15000
4463,13786,14873
4464,13787,14381
4465,13788,14724
4466,13790,15211
4467,13800,15047
4468,13802,14268
4469,13803,14025
4470,13806,14548
4471,13808,14958
4472,13809,14996
4473,13810,15020
4474,13811,14338
4475,13812,14862
4476,13814,14509
4477,13816,14894
4478,13817,14977
4479,13818,14897
4480,13821,14901
4481,13822,14805
4482,13824,14029
4483,13825,14503
4484,13828,14049
4485,13830,14822
4486,13831,14364
4487,13832,14368
4488,13833,14993
4489,13835,14969
4490,13836,14871
4491,13837,14408
4492,13839,14860
4493,13840,14955
4494,13841,14794
4495,13845,14001
4496,13848,15005
4497,13850,14315
4498,13852,14602
4499,13857,14829
4500,13861,15213
4501,13863,14856
4502,13864,15019
4503,13865,14093
4504,13866,14730
4505,13869,14964
4506,13870,15023
4507,13871,14749
4508,13872,15136
4509,13873,15144
4510,13874,14759
4511,13875,15016
4512,13876,15150
4513,13877,14891
4514,13878,14869
4515,13879,14604
4516,13881,15116
4517,13882,14885
4518,13883,14744
4519,13885,14910
4520,13886,14768
4521,13888,15079
4522,13890,15141
4523,13891,15117
4524,13892,15196
4525,13896,15163
4526,13897,15048
4527,13903,14802
4528,13904,14952
4529,13908,14863
4530,13914,14304
4531,13916,15298
4532,13918,14810
4533,13922,15302
4534,13926,14966
4535,13927,14231
4536,13929,14242
4537,13930,14468
4538,13931,14769
4539,13938,14937
4540,13939,14366
4541,13942,14830
4542,13943,14833
4543,13944,14375
4544,13946,14237
4545,13949,14239
4546,13956,14837
4547,13959,15179
4548,13960,15212
4549,13961,15121
4550,13962,14325
4551,13964,15177
4552,13965,14355
4553,13968,14973
4554,13973,14126
4555,13976,14395
4556,13979,14371
4557,13981,14974
4558,13984,15106
4559,13985,15098
4560,13988,15133
4561,13999,15112
4562,14002,14883
4563,14003,14842
4564,14004,14999
4565,14005,14980
4566,14006,15066
4567,14007,15029
4568,14008,15030
4569,14011,14414
4570,14014,14255
4571,14021,14418
4572,14024,15164
4573,14027,14617
4574,14030,14765
4575,14031,14808
4576,14033,14945
4577,14035,14345
4578,14036,14575
4579,14037,14360
4580,14038,14627
4581,14039,15071
4582,14040,15028
4583,14044,14258
4584,14047,15107
4585,14057,14388
4586,14059,15218
4587,14060,14240
4588,14063,14490
4589,14068,14429
4590,14069,14426
4591,14074,14892
4592,14075,14370
4593,14079,14801
4594,14083,14427
4595,14086,14218
4596,14089,15239
4597,14095,15181
4598,14102,14853
4599,14106,14668
4600,14108,14608
4601,14115,14440
4602,14117,14412
4603,14124,14970
4604,14129,14717
4605,14133,14720
4606,14134,14314
4607,14139,14382
4608,14142,14568
4609,14145,14507
4610,14146,15140
4611,14148,14981
4612,14149,15149
4613,14150,15174
4614,14151,15011
4615,14152,14362
4616,14154,14453
4617,14165,15147
4618,14173,14799
4619,14176,15148
4620,14178,14702
4621,14193,15229
4622,14203,14793
4623,14205,14975
4624,14207,15022
4625,14219,14534
4626,14236,14713
4627,14254,14865
4628,14257,14881
4629,14259,14867
4630,14261,14963
4631,14270,14790
4632,14271,15118
4633,14273,14499
4634,14276,14729
4635,14279,14858
4636,14285,14838
4637,14287,14839
4638,14298,15137
4639,14308,14844
4640,14313,14699
4641,14342,14909
4642,14353,14840
4643,14357,14920
4644,14365,15180
4645,14378,14956
4646,14383,14836
4647,14399,14728
4648,14432,14953
4649,14436,14786
4650,14441,14734
4651,14465,14594
4652,14474,14605
4653,14476,14607
4654,14487,14931
4655,14502,15193
4656,14508,14693
4657,14522,14766
4658,14525,15368
4659,14546,14959
4660,13395,14567
4661,14622,14912
4662,14718,15039
4663,14733,14896
4664,14737,14968
4665,14772,15040
4666,13481,14831
4667,14864,15126
4668,14884,15171
4669,13418,15056
4670,14731,15057
4671,13044,15061
4672,13150,15063
4673,15078,15176
4674,13754,15081
4675,13277,15085
4676,13373,15095
4677,14074,15103
4678,12881,15105
4679,14794,15110
4680,13098,15120
4681,13538,15167
4682,13918,15169
4683,13757,15188
4684,13113,15197
4685,12917,15205
4686,14435,15210
4687,14499,15214
4688,13852,15223
4689,13365,15231
4690,13473,15232
4691,14634,15234
4692,13164,15236
4693,15050,15238
4694,12931,15240
4695,14569,15241
4696,14432,15242
4697,14402,15244
4698,14762,15245
4699,14255,15246
4700,13151,15248
4701,13133,15256
4702,13267,15258
4703,13367,15260
4704,14903,15262
4705,14709,15263
4706,13575,15264
4707,13488,15267
4708,12993,15268
4709,12784,15272
4710,15166,15276
4711,14126,15277
4712,14231,15280
4713,13963,15286
4714,13097,15287
4715,14573,15288
4716,14812,15305
4717,14719,15307
4718,12689,15310
4719,13969,15314
4720,12738,15329
4721,13362,15331
4722,14519,15333
4723,14935,15342
4724,13329,15349
4725,13607,15350
4726,13941,15354
4727,14760,15362
4728,13003,15364
4729,13057,15367
4730,14388,15373
4731,13033,15382
4732,14982,15385
4733,15409,18145
4734,15441,17875
4735,15449,16320
4736,15465,16672
4737,15479,16647
4738,15505,17875
4739,15509,17783
4740,15539,16587
4741,15546,18951
4742,15550,16948
4743,15551,16932
4744,15553,18842
4745,15564,18500
4746,15568,16385
4747,15571,18476
4748,15593,17568
4749,15597,18096
4750,15610,16248
4751,15622,18117
4752,15629,16108
4753,15633,17799
4754,15643,16004
4755,15654,16260
4756,15656,16639
4757,15666,18116
4758,15710,17925
4759,15726,16780
4760,15727,18521
4761,15737,16815
4762,15750,17357
4763,15752,16158
4764,15770,17744
4765,15778,18001
4766,15780,16657
4767,15790,19029
4768,15794,16902
4769,15795,16281
4770,15805,16096
4771,15806,18193
4772,15812,16865
4773,15819,19164
4774,15826,16166
4775,15832,16681
4776,15834,16200
4777,15841,19041
4778,15845,16106
4779,15848,17675
4780,15879,16728
4781,15888,16630
4782,15903,16262
4783,15904,16287
4784,15913,19220
4785,15932,18034
4786,15933,17998
4787,15934,16942
4788,15973,17689
4789,15974,16992
4790,15978,18453
4791,15989,18420
4792,16005,16306
4793,16008,18014
4794,16022,19061
4795,16034,16699
4796,16049,18653
4797,16051,18760
4798,16052,17849
4799,16067,16138
4800,16086,17830
4801,16094,17956
4802,16120,17619
4803,16126,18812
4804,16135,18407
4805,16137,18084
4806,16161,19120
4807,16167,16322
4808,16169,18296
4809,16177,19100
4810,16182,19101
4811,16189,17837
4812,16191,19185
4813,16210,17617
4814,16212,19223
4815,16218,18200
4816,16221,18972
4817,16224,17038
4818,16227,18773
4819,16228,19094
4820,16234,18211
4821,16237,16796
4822,16238,19090
4823,16245,19154
4824,16266,18739
4825,16272,19232
4826,16274,18114
4827,16278,19189
4828,16282,18099
4829,16294,17601
4830,16302,17064
4831,16318,19282
4832,16341,19121
4833,16345,16964
4834,16348,19128
4835,16352,18756
4836,16355,16990
4837,16363,17007
4838,16391,17045
4839,16396,19162
4840,16416,17495
4841,16423,17373
4842,16565,17671
4843,16566,18556
4844,16651,18754
4845,16667,16922
4846,16668,18515
4847,16669,18780
4848,16673,19182
4849,16682,19113
4850,16687,17909
4851,16688,18954
4852,16689,19268
4853,16690,17890
4854,16692,18373
4855,16695,17273
4856,16696,18744
4857,16697,18561
4858,16698,19003
4859,16701,18079
4860,16703,19157
4861,16706,18684
4862,16710,18061
4863,16711,19065
4864,16713,18181
4865,16714,19195
4866,16715,18103
4867,16717,19174
4868,16719,18927
4869,16720,19203
4870,16721,18038
4871,16722,17741
4872,16725,19056
4873,16729,18077
4874,16731,18075
4875,16732,18076
4876,16733,19160
4877,16734,17952
4878,16735,17982
4879,16736,18394
4880,16737,18988
4881,16739,18991
4882,16740,18191
4883,16744,17996
4884,16746,18519
4885,16748,19099
4886,16749,17935
4887,16750,18067
4888,16751,17859
4889,16753,19108
4890,16757,19171
4891,16758,18723
4892,16759,17648
4893,16760,18101
4894,16761,18610
4895,16762,18594
4896,16763,18489
4897,16765,18021
4898,16766,18579
4899,16767,17657
4900,16770,17946
4901,16772,18841
4902,16773,19411
4903,16775,18208
4904,16776,17664
4905,16777,19076
4906,16778,18516
4907,16779,17931
4908,16781,17805
4909,16782,18124
4910,16783,17502
4911,16784,17027
4912,16785,17958
4913,16786,19280
4914,16787,17987
4915,16788,19045
4916,16789,18681
4917,16792,17964
4918,16793,18449
4919,16800,18743
4920,16801,18764
4921,16802,18163
4922,16803,17865
4923,16804,18111
4924,16805,17922
4925,16806,17923
4926,16807,18165
4927,16808,18158
4928,16809,18113
4929,16810,18044
4930,16811,18574
4931,16812,17292
4932,16813,18469
4933,16816,17997
4934,16817,18486
4935,16818,18016
4936,16819,18156
4937,16821,18586
4938,16823,17862
4939,16824,18302
4940,16827,18172
4941,16828,18080
4942,16829,17886
4943,16830,18148
4944,16832,18175
4945,16833,18600
4946,16834,19181
4947,16835,17864
4948,16837,18018
4949,16838,18317
4950,16841,18634
4951,16842,18528
4952,16843,18530
4953,16846,17892
4954,16847,18792
4955,16848,17995
4956,16849,18209
4957,16851,17605
4958,16853,17867
4959,16854,18186
4960,16855,17573
4961,16858,19336
4962,16860,19207
4963,16863,18537
4964,16864,17754
4965,16867,17978
4966,16868,18539
4967,16870,17117
4968,16871,17611
4969,16872,18529
4970,16874,17990
4971,16875,19247
4972,16877,18083
4973,16878,18107
4974,16879,17662
4975,16881,18059
4976,16882,18650
4977,16883,18844
4978,16884,18205
4979,16885,17773
4980,16886,18654
4981,16887,17980
4982,16889,19224
4983,16891,18204
4984,16894,19244
4985,16897,17955
4986,16898,18140
4987,16899,18202
4988,16900,18203
4989,16905,17951
4990,16906,18512
4991,16907,18982
4992,16908,18092
4993,16909,17963
4994,16910,17800
4995,16911,18094
4996,16912,18747
4997,16915,18027
4998,16916,18085
4999,16918,17250
5000,16919,18087
5001,16920,17986
5002,16923,18415
5003,16924,17530
5004,16925,18000
5005,16927,18585
5006,16929,17730
5007,16930,18716
5008,16933,18042
5009,16938,18402
5010,16943,17896
5011,16944,18706
5012,16946,18730
5013,16947,18043
5014,16950,19028
5015,16954,19216
5016,16957,18493
5017,16958,17907
5018,16959,18737
5019,16960,18990
5020,16961,17618
5021,16962,18291
5022,16965,18762
5023,16966,18095
5024,16967,19124
5025,16969,17912
5026,16970,18091
5027,16978,17961
5028,16979,18035
5029,16981,17942
5030,16983,18005
5031,16984,17707
5032,16985,17782
5033,16986,18845
5034,16987,18254
5035,16988,17566
5036,16989,18861
5037,16993,18166
5038,16994,17409
5039,16995,17994
5040,16996,17801
5041,16997,18685
5042,16999,17933
5043,17001,18008
5044,17003,18173
5045,17005,18017
5046,17006,18360
5047,17009,19066
5048,17010,17985
5049,17011,18182
5050,17014,18968
5051,17015,18961
5052,17016,18930
5053,17017,18279
5054,17020,18697
5055,17021,17290
5056,17022,18190
5057,17023,18963
5058,17025,18062
5059,17028,18371
5060,17032,18277
5061,17033,18334
5062,17034,18379
5063,17035,18142
5064,17036,18323
5065,17037,18063
5066,17039,18677
5067,17040,18856
5068,17041,18391
5069,17042,17512
5070,17043,18813
5071,17046,18275
5072,17047,18276
5073,17048,18283
5074,17049,18248
5075,17050,18287
5076,17051,17339
5077,17052,17655
5078,17053,18219
5079,17054,18133
5080,17055,18174
5081,17056,18388
5082,17057,18337
5083,17058,18478
5084,17059,18225
5085,17060,18690
5086,17061,18311
5087,17062,17733
5088,17063,17871
5089,17065,18866
5090,17066,18533
5091,17067,18264
5092,17069,18339
5093,17070,18548
5094,17071,17653
5095,17074,18237
5096,17075,18357
5097,17076,18056
5098,17077,18871
5099,17078,18198
5100,17079,18544
5101,17080,18368
5102,17081,17778
5103,17082,18250
5104,17083,18406
5105,17085,18207
5106,17086,18223
5107,17087,18611
5108,17088,17966
5109,17089,18390
5110,17090,18278
5111,17091,18235
5112,17092,18587
5113,17093,18909
5114,17094,18606
5115,17095,18971
5116,17096,18765
5117,17097,18487
5118,17099,18164
5119,17100,18213
5120,17101,18217
5121,17102,18467
5122,17104,17989
5123,17105,19004
5124,17106,18281
5125,17107,17757
5126,17108,17680
5127,17109,18169
5128,17110,18338
5129,17111,18416
5130,17112,18418
5131,17113,18817
5132,17114,18413
5133,17115,18777
5134,17116,18294
5135,17118,18588
5136,17119,18564
5137,17120,17638
5138,17121,17713
5139,17123,18748
5140,17124,18307
5141,17125,18592
5142,17126,18309
5143,17127,18328
5144,17128,18310
5145,17129,18475
5146,17130,18313
5147,17131,18332
5148,17132,18423
5149,17133,18315
5150,17134,18604
5151,17135,18222
5152,17136,18563
5153,17137,18321
5154,17138,18346
5155,17139,18324
5156,17140,19403
5157,17141,18227
5158,17142,18024
5159,17143,17732
5160,17144,18331
5161,17145,18183
5162,17146,18184
5163,17147,18622
5164,17148,18483
5165,17149,19072
5166,17150,18598
5167,17151,19106
5168,17152,19107
5169,17153,19245
5170,17154,18258
5171,17155,18613
5172,17156,18462
5173,17157,18341
5174,17158,18631
5175,17159,17681
5176,17160,17753
5177,17161,19026
5178,17162,18635
5179,17163,18263
5180,17164,19125
5181,17165,18216
5182,17166,18353
5183,17168,18355
5184,17169,18463
5185,17170,18243
5186,17171,18348
5187,17172,18870
5188,17173,18327
5189,17174,19115
5190,17175,17663
5191,17176,18363
5192,17177,17719
5193,17178,17425
5194,17179,18224
5195,17180,18495
5196,17181,17368
5197,17182,19227
5198,17183,18319
5199,17184,18378
5200,17185,18872
5201,17186,18377
5202,17187,18251
5203,17188,19034
5204,17189,18479
5205,17190,18501
5206,17191,19117
5207,17193,18330
5208,17194,18206
5209,17196,18383
5210,17197,18763
5211,17198,18255
5212,17200,19122
5213,17201,18316
5214,17202,18389
5215,17203,18438
5216,17204,18259
5217,17205,17555
5218,17206,18502
5219,17207,18466
5220,17208,18448
5221,17209,18393
5222,17210,18661
5223,17211,18261
5224,17212,18109
5225,17213,18553
5226,17215,17394
5227,17217,18707
5228,17220,17418
5229,17221,18492
5230,17222,18252
5231,17223,18404
5232,17224,18215
5233,17225,17981
5234,17227,18670
5235,17228,18769
5236,17230,18392
5237,17232,18419
5238,17233,18170
5239,17234,18712
5240,17235,19049
5241,17236,18893
5242,17237,18451
5243,17238,18421
5244,17239,17829
5245,17240,18314
5246,17241,18178
5247,17242,18412
5248,17243,18443
5249,17245,18231
5250,17246,18122
5251,17247,18234
5252,17248,18484
5253,17249,18335
5254,17251,18835
5255,17253,18436
5256,17254,18877
5257,17255,18937
5258,17256,18938
5259,17257,18238
5260,17258,18349
5261,17259,18998
5262,17260,18411
5263,17261,18452
5264,17262,18369
5265,17263,18370
5266,17264,18135
5267,17265,19079
5268,17266,19346
5269,17272,18616
5270,17274,18445
5271,17275,18446
5272,17276,18218
5273,17277,19126
5274,17278,18450
5275,17279,17818
5276,17281,18374
5277,17285,19173
5278,17286,18518
5279,17289,17468
5280,17294,19248
5281,17295,19281
5282,17296,17678
5283,17297,18570
5284,17298,17921
5285,17299,18306
5286,17302,17969
5287,17304,18788
5288,17306,18322
5289,17308,18458
5290,17309,18372
5291,17310,18481
5292,17311,18380
5293,17312,18303
5294,17313,18683
5295,17314,18470
5296,17315,18843
5297,17316,18628
5298,17317,19212
5299,17318,19253
5300,17320,18490
5301,17321,18491
5302,17324,17846
5303,17325,18384
5304,17326,18336
5305,17328,18201
5306,17329,18668
5307,17330,18599
5308,17331,18669
5309,17332,18468
5310,17333,18503
5311,17334,18488
5312,17335,18507
5313,17336,17774
5314,17337,17567
5315,17338,18550
5316,17340,18625
5317,17341,19095
5318,17342,18589
5319,17343,18549
5320,17344,17888
5321,17345,18603
5322,17346,18629
5323,17347,18609
5324,17348,19096
5325,17349,18325
5326,17350,19334
5327,17352,18429
5328,17353,18232
5329,17354,18244
5330,17355,18926
5331,17356,19209
5332,17358,19210
5333,17359,19187
5334,17360,18948
5335,17361,18428
5336,17362,18688
5337,17363,18643
5338,17364,17903
5339,17365,18830
5340,17366,18959
5341,17367,18657
5342,17369,18651
5343,17370,18849
5344,17371,17911
5345,17372,18666
5346,17375,18253
5347,17376,18675
5348,17377,18508
5349,17378,18230
5350,17379,18978
5351,17380,17624
5352,17381,19243
5353,17382,17999
5354,17384,18562
5355,17385,18862
5356,17386,18256
5357,17387,18522
5358,17388,18214
5359,17389,19190
5360,17390,18621
5361,17391,18646
5362,17392,17775
5363,17393,17781
5364,17395,18506
5365,17396,18569
5366,17397,18660
5367,17398,18595
5368,17399,18596
5369,17401,18680
5370,17402,18572
5371,17403,18767
5372,17404,18333
5373,17405,18608
5374,17406,18705
5375,17408,19158
5376,17410,18576
5377,17411,18511
5378,17412,19168
5379,17413,18580
5380,17414,18288
5381,17415,18460
5382,17416,18525
5383,17417,17929
5384,17419,19009
5385,17421,18002
5386,17423,17823
5387,17424,18558
5388,17426,18477
5389,17427,18597
5390,17428,18902
5391,17429,18785
5392,17430,18427
5393,17432,18013
5394,17433,18925
5395,17434,18524
5396,17435,18179
5397,17436,18605
5398,17437,19127
5399,17438,18806
5400,17439,18535
5401,17440,17643
5402,17441,18689
5403,17442,18827
5404,17443,18612
5405,17444,18997
5406,17445,18615
5407,17446,18617
5408,17447,18917
5409,17448,18329
5410,17449,18618
5411,17450,18794
5412,17451,18695
5413,17452,18482
5414,17453,18565
5415,17455,18766
5416,17456,18710
5417,17457,18833
5418,17459,18627
5419,17460,18798
5420,17461,18802
5421,17462,18630
5422,17463,19109
5423,17464,18731
5424,17465,18194
5425,17466,18046
5426,17467,19111
5427,17469,19112
5428,17470,18755
5429,17471,18236
5430,17472,18839
5431,17473,18584
5432,17474,19204
5433,17475,18858
5434,17476,18131
5435,17477,18543
5436,17478,18567
5437,17479,18160
5438,17480,18652
5439,17481,18970
5440,17482,18245
5441,17483,18065
5442,17484,18523
5443,17485,17685
5444,17488,18242
5445,17489,18090
5446,17490,18072
5447,17491,18921
5448,17492,19032
5449,17493,17684
5450,17494,18665
5451,17496,18557
5452,17498,18809
5453,17499,18729
5454,17500,18846
5455,17501,18473
5456,17503,18674
5457,17505,18554
5458,17507,18382
5459,17508,18386
5460,17509,18679
5461,17510,18686
5462,17513,18717
5463,17514,18682
5464,17517,18560
5465,17518,19000
5466,17519,18121
5467,17520,18929
5468,17521,18663
5469,17524,17769
5470,17525,18808
5471,17526,17920
5472,17527,18702
5473,17528,18703
5474,17529,18282
5475,17532,18581
5476,17533,18583
5477,17534,18711
5478,17535,18517
5479,17537,18593
5480,17538,18715
5481,17539,18299
5482,17540,18602
5483,17542,18907
5484,17543,18693
5485,17544,17895
5486,17547,18831
5487,17549,18735
5488,17550,18632
5489,17551,18633
5490,17552,18129
5491,17554,18745
5492,17556,18979
5493,17557,18364
5494,17558,18134
5495,17559,18967
5496,17562,18721
5497,17564,18081
5498,17565,18719
5499,17570,18752
5500,17572,17825
5501,17577,18645
5502,17578,19091
5503,17581,18818
5504,17583,18973
5505,17584,18768
5506,17585,18955
5507,17586,18770
5508,17587,18672
5509,17588,18590
5510,17589,18619
5511,17590,18782
5512,17591,18292
5513,17592,18903
5514,17593,18786
5515,17594,18787
5516,17595,19165
5517,17596,17725
5518,17597,18607
5519,17598,18753
5520,17599,18914
5521,17600,18480
5522,17604,18704
5523,17606,18724
5524,17607,18649
5525,17608,18931
5526,17609,18127
5527,17610,18540
5528,17612,18642
5529,17613,18918
5530,17614,17807
5531,17615,18647
5532,17616,18803
5533,17620,18974
5534,17621,18966
5535,17622,18810
5536,17627,18692
5537,17628,18859
5538,17629,18814
5539,17630,18876
5540,17631,18509
5541,17633,17991
5542,17636,18882
5543,17637,18824
5544,17639,18176
5545,17640,18015
5546,17641,18905
5547,17642,18527
5548,17644,18399
5549,17645,18793
5550,17646,18531
5551,17647,18796
5552,17650,18928
5553,17651,19103
5554,17652,18867
5555,17654,18821
5556,17656,18944
5557,17658,18671
5558,17659,18641
5559,17660,18640
5560,17661,18840
5561,17665,18655
5562,17666,18962
5563,17667,18761
5564,17668,18850
5565,17669,18851
5566,17670,18887
5567,17672,19001
5568,17673,18676
5569,17674,18853
5570,17676,17962
5571,17677,18989
5572,17679,18860
5573,17682,18644
5574,17683,18648
5575,17687,19089
5576,17688,18874
5577,17691,18834
5578,17692,19054
5579,17693,18878
5580,17694,18510
5581,17695,19130
5582,17697,18884
5583,17698,18994
5584,17699,18678
5585,17700,18774
5586,17701,19007
5587,17702,19008
5588,17703,18740
5589,17704,18889
5590,17705,18295
5591,17706,19167
5592,17709,18819
5593,17710,18897
5594,17712,18771
5595,17715,18900
5596,17716,19013
5597,17717,18901
5598,17720,19062
5599,17721,18825
5600,17722,18906
5601,17723,19082
5602,17724,18826
5603,17726,18910
5604,17727,19064
5605,17728,18104
5606,17729,19256
5607,17731,18865
5608,17734,18804
5609,17735,18573
5610,17736,18795
5611,17737,18829
5612,17739,18620
5613,17742,18923
5614,17743,19022
5615,17745,18555
5616,17748,18919
5617,17749,19315
5618,17750,19070
5619,17751,18696
5620,17752,18041
5621,17755,18432
5622,17756,18433
5623,17758,18088
5624,17759,18836
5625,17760,18637
5626,17761,19063
5627,17762,18545
5628,17763,18949
5629,17765,18614
5630,17766,18986
5631,17768,18566
5632,17770,18952
5633,17771,18568
5634,17772,18956
5635,17776,18070
5636,17777,18541
5637,17779,18969
5638,17780,18899
5639,17784,18667
5640,17785,18422
5641,17786,18552
5642,17787,19083
5643,17788,18950
5644,17789,18811
5645,17790,18713
5646,17792,18980
5647,17793,18911
5648,17794,18981
5649,17795,19085
5650,17796,18734
5651,17797,19086
5652,17798,19015
5653,17802,18504
5654,17804,17938
5655,17806,19058
5656,17808,18536
5657,17809,19110
5658,17811,18138
5659,17812,19050
5660,17813,18857
5661,17814,19018
5662,17815,18875
5663,17817,18280
5664,17820,18984
5665,17821,18778
5666,17826,19010
5667,17827,18924
5668,17831,18895
5669,17832,18514
5670,17833,18935
5671,17834,19404
5672,17835,19025
5673,17838,19038
5674,17839,18345
5675,17842,18155
5676,17843,18465
5677,17844,18709
5678,17845,18957
5679,17847,19020
5680,17848,18691
5681,17850,18658
5682,17851,19031
5683,17852,18343
5684,17853,19036
5685,17854,18290
5686,17856,19039
5687,17858,19040
5688,17860,18472
5689,17861,18456
5690,17866,18941
5691,17868,18387
5692,17869,18759
5693,17872,18144
5694,17876,19155
5695,17877,19055
5696,17878,18881
5697,17881,18947
5698,17882,18356
5699,17883,18913
5700,17884,19012
5701,17885,19060
5702,17889,19152
5703,17891,19042
5704,17893,19069
5705,17894,19206
5706,17897,19205
5707,17898,18342
5708,17900,18624
5709,17901,19407
5710,17902,18340
5711,17905,19073
5712,17906,18801
5713,17908,19233
5714,17913,19235
5715,17914,19236
5716,17915,19084
5717,17916,18975
5718,17917,19234
5719,17918,19002
5720,17919,18985
5721,17924,18855
5722,17926,18838
5723,17927,18885
5724,17928,18289
5725,17930,18816
5726,17932,18381
5727,17936,19184
5728,17937,18714
5729,17939,18791
5730,17940,18534
5731,17941,18239
5732,17943,18837
5733,17944,18240
5734,17945,19319
5735,17947,18720
5736,17949,18437
5737,17953,18257
5738,17954,18822
5739,17957,18300
5740,17959,18247
5741,17960,18883
5742,17965,18701
5743,17967,19406
5744,17968,19169
5745,17970,19219
5746,17971,18229
5747,17972,18414
5748,17973,19172
5749,17974,18359
5750,17975,18361
5751,17976,18318
5752,17977,18376
5753,17979,19170
5754,17983,19192
5755,17984,19228
5756,17988,18945
5757,17993,19134
5758,18003,18891
5759,18004,19011
5760,18007,18578
5761,18009,18823
5762,18010,19230
5763,18011,18784
5764,18012,18904
5765,18019,18459
5766,18020,19186
5767,18022,18916
5768,18023,18996
5769,18025,19019
5770,18026,18976
5771,18028,18722
5772,18029,18977
5773,18030,18727
5774,18031,18268
5775,18032,18442
5776,18033,18890
5777,18037,19024
5778,18039,19068
5779,18040,18728
5780,18045,18939
5781,18047,19067
5782,18048,18983
5783,18049,18351
5784,18050,18352
5785,18051,19214
5786,18052,18367
5787,18053,19075
5788,18055,19144
5789,18057,18272
5790,18058,19135
5791,18060,18551
5792,18066,18246
5793,18068,18270
5794,18069,18271
5795,18071,18965
5796,18078,18385
5797,18082,19238
5798,18086,18764
5799,18089,19166
5800,18097,19249
5801,18098,19150
5802,18102,19017
5803,18105,19314
5804,18112,19035
5805,18118,18532
5806,18125,18626
5807,18126,19208
5808,18130,19342
5809,18136,19275
5810,18137,18659
5811,18141,19081
5812,18143,19037
5813,18146,18789
5814,18150,19176
5815,18153,18601
5816,18154,18320
5817,18159,19046
5818,18161,18880
5819,18167,18284
5820,18171,18799
5821,18185,19057
5822,18197,19194
5823,18199,18441
5824,18226,18995
5825,18228,19191
5826,18233,19263
5827,18241,18932
5828,18265,18894
5829,18266,18896
5830,18267,18912
5831,18269,18953
5832,18285,18577
5833,18286,18864
5834,18297,18868
5835,18298,18779
5836,18301,18873
5837,18304,18820
5838,18326,18915
5839,18347,18943
5840,18350,18639
5841,18362,18869
5842,18365,18736
5843,18366,18958
5844,18395,18934
5845,18396,19087
5846,18417,18749
5847,18425,19277
5848,18430,19080
5849,18435,18800
5850,18440,19346
5851,18447,19052
5852,18494,18656
5853,18496,19030
5854,18499,18664
5855,18520,19059
5856,18526,18790
5857,18538,18936
5858,18546,18847
5859,18571,19153
5860,18575,19159
5861,18582,18888
5862,18636,18942
5863,18638,19163
5864,18673,18852
5865,18700,19201
5866,18742,19119
5867,18815,19102
5868,18854,19051
5869,18863,19092
5870,17925,18879
5871,18892,19218
5872,18964,19077
5873,18548,19048
5874,17147,19071
5875,19074,19398
5876,17830,19098
5877,17598,19104
5878,17451,19105
5879,19114,19267
5880,18830,19116
5881,17371,19118
5882,16996,19129
5883,17414,19131
5884,18780,19133
5885,16930,19137
5886,17972,19142
5887,17664,19145
5888,18737,19146
5889,18382,19148
5890,18705,19156
5891,18042,19177
5892,17760,19213
5893,17944,19215
5894,18494,19225
5895,18430,19229
5896,18975,19237
5897,18978,19240
5898,18121,19257
5899,17311,19259
5900,18433,19265
5901,17360,19266
5902,17941,19291
5903,18845,19296
5904,16787,19300
5905,17838,19305
5906,18437,19306
5907,19120,19309
5908,17415,19313
5909,19208,19316
5910,18389,19321
5911,18217,19324
5912,17492,19325
5913,17341,19327
5914,17053,19329
5915,18962,19343
5916,18071,19344
5917,18659,19345
5918,17915,19348
5919,18562,19360
5920,18597,19364
5921,18176,19366
5922,18330,19371
5923,17761,19376
5924,17397,19381
5925,18334,19385
5926,18599,19400
5927,19102,19402
5928,17779,19413
5929,19435,22384
5930,19481,19876
5931,19505,21123
5932,19515,21181
5933,19522,19650
5934,19535,19870
5935,19541,22551
5936,19542,20997
5937,19557,21598
5938,19566,22923
5939,19571,22162
5940,19584,23254
5941,19586,19701
5942,19590,20096
5943,19596,20261
5944,19599,20157
5945,19635,21858
5946,19661,21955
5947,19666,20145
5948,19669,21006
5949,19675,23130
5950,19676,23152
5951,19686,23324
5952,19690,23291
5953,19698,22519
5954,19743,21327
5955,19750,20886
5956,19761,20629
5957,19764,21036
5958,19788,22959
5959,19803,19975
5960,19810,23202
5961,19811,23201
5962,19813,22187
5963,19820,23088
5964,19822,20773
5965,19829,20258
5966,19830,23162
5967,19839,23167
5968,19841,22789
5969,19859,20856
5970,19861,21941
5971,19865,20455
5972,19866,22171
5973,19871,21992
5974,19872,20331
5975,19890,21615
5976,19903,22670
5977,19920,21299
5978,19925,20981
5979,19936,22161
5980,19950,22840
5981,19964,22496
5982,19973,20230
5983,19980,22251
5984,19981,22893
5985,20010,22405
5986,20011,23090
5987,20021,23203
5988,20027,21880
5989,20053,22358
5990,20061,21633
5991,20062,21093
5992,20066,22537
5993,20080,21048
5994,20087,22507
5995,20111,20940
5996,20120,23077
5997,20131,22476
5998,20138,20986
5999,20140,22254
6000,20161,21408
6001,20163,21004
6002,20177,20831
6003,20180,23132
6004,20182,22253
6005,20183,23230
6006,20197,21888
6007,20205,23208
6008,20223,22493
6009,20236,21845
6010,20250,23160
6011,20252,22536
6012,20262,22302
6013,20269,21552
6014,20279,20849
6015,20283,20859
6016,20303,23279
6017,20304,20548
6018,20322,21991
6019,20330,22608
6020,20361,23169
6021,20362,20688
6022,20366,23048
6023,20369,21309
6024,20382,21814
6025,20424,21662
6026,20427,20909
6027,20438,21485
6028,20467,21953
6029,20468,22545
6030,20481,21606
6031,20620,21237
6032,20672,22885
6033,20701,22806
6034,20703,21308
6035,20709,21337
6036,20714,23309
6037,20719,23259
6038,20722,23273
6039,20723,21824
6040,20724,22997
6041,20725,22193
6042,20726,21748
6043,20730,23288
6044,20733,22870
6045,20736,21564
6046,20737,23026
6047,20738,23206
6048,20739,23240
6049,20745,22261
6050,20747,22069
6051,20756,23250
6052,20758,22083
6053,20761,22453
6054,20769,22286
6055,20771,22774
6056,20774,21626
6057,20775,22117
6058,20776,22027
6059,20777,22030
6060,20778,22009
6061,20779,23290
6062,20781,22023
6063,20782,23282
6064,20784,22026
6065,20785,22140
6066,20786,22056
6067,20790,22128
6068,20791,23143
6069,20792,22334
6070,20793,22557
6071,20795,22014
6072,20796,22794
6073,20798,22037
6074,20800,22528
6075,20801,21692
6076,20805,23142
6077,20808,21185
6078,20809,23022
6079,20810,22289
6080,20811,22166
6081,20812,22679
6082,20813,22685
6083,20814,23151
6084,20817,23382
6085,20820,22129
6086,20821,23156
6087,20822,21292
6088,20823,21827
6089,20825,22115
6090,20826,21602
6091,20827,21643
6092,20829,21960
6093,20830,21920
6094,20832,22386
6095,20834,22142
6096,20835,21689
6097,20837,22096
6098,20841,22022
6099,20842,22210
6100,20843,22024
6101,20844,22151
6102,20845,21964
6103,20846,21965
6104,20847,21966
6105,20848,22212
6106,20851,22029
6107,20853,21969
6108,20855,21971
6109,20857,22040
6110,20858,22217
6111,20861,23257
6112,20862,22495
6113,20864,21911
6114,20865,22626
6115,20868,22432
6116,20869,22306
6117,20870,21968
6118,20871,22050
6119,20872,22160
6120,20873,22075
6121,20874,22197
6122,20875,22648
6123,20876,21951
6124,20878,21978
6125,20879,22057
6126,20880,22506
6127,20881,22224
6128,20883,22225
6129,20884,22684
6130,20885,22064
6131,20887,22993
6132,20891,22665
6133,20892,22049
6134,20896,22232
6135,20898,21396
6136,20899,23058
6137,20900,23293
6138,20901,21939
6139,20902,22038
6140,20903,22276
6141,20904,22269
6142,20905,21318
6143,20907,22085
6144,20908,22574
6145,20910,22203
6146,20911,23062
6147,20914,22257
6148,20918,22575
6149,20921,22285
6150,20922,22615
6151,20923,22204
6152,20924,22176
6153,20925,22700
6154,20927,22702
6155,20928,21822
6156,20930,22004
6157,20931,22964
6158,20932,22112
6159,20933,21529
6160,20934,21823
6161,20935,22244
6162,20936,21650
6163,20937,22245
6164,20938,22243
6165,20939,21750
6166,20941,23073
6167,20942,22186
6168,20943,22010
6169,20944,22046
6170,20945,23129
6171,20946,22229
6172,20947,22490
6173,20949,21846
6174,20950,22094
6175,20951,22711
6176,20953,22308
6177,20956,21977
6178,20957,21998
6179,20958,22002
6180,20959,22936
6181,20960,21997
6182,20961,22025
6183,20962,22752
6184,20963,21754
6185,20964,22039
6186,20966,22638
6187,20968,22051
6188,20969,22757
6189,20971,22163
6190,20972,22223
6191,20973,22275
6192,20974,22664
6193,20976,23074
6194,20977,22372
6195,20979,22132
6196,20983,22773
6197,20984,22185
6198,20985,22597
6199,20987,22016
6200,20988,22953
6201,20989,22780
6202,20992,22118
6203,20995,22419
6204,20999,22209
6205,21001,22352
6206,21002,22327
6207,21003,22332
6208,21005,21572
6209,21012,23306
6210,21013,22799
6211,21017,22813
6212,21018,22097
6213,21019,21290
6214,21020,22106
6215,21021,21975
6216,21022,22108
6217,21023,23003
6218,21025,21610
6219,21026,22847
6220,21027,22320
6221,21028,22319
6222,21029,22028
6223,21030,22222
6224,21031,22456
6225,21032,22248
6226,21034,22455
6227,21035,22816
6228,21038,21933
6229,21040,22469
6230,21041,22672
6231,21042,21989
6232,21043,22233
6233,21045,22183
6234,21050,22397
6235,21051,22211
6236,21052,22526
6237,21053,22414
6238,21054,21894
6239,21055,22413
6240,21056,22238
6241,21057,22378
6242,21058,22373
6243,21059,21547
6244,21061,23295
6245,21062,22249
6246,21063,22727
6247,21064,22325
6248,21065,22328
6249,21066,22256
6250,21068,22262
6251,21069,21852
6252,21070,22343
6253,21071,22259
6254,21073,22595
6255,21074,22263
6256,21075,22354
6257,21077,22656
6258,21079,22360
6259,21080,22268
6260,21081,21582
6261,21082,22362
6262,21084,22566
6263,21085,22272
6264,21086,22958
6265,21087,22036
6266,21088,22336
6267,21089,22560
6268,21090,22377
6269,21092,22430
6270,21094,22387
6271,21095,22875
6272,21096,22984
6273,21097,22438
6274,21098,22399
6275,21099,22994
6276,21100,22986
6277,21102,21972
6278,21103,22242
6279,21104,22408
6280,21105,21816
6281,21106,23036
6282,21108,23093
6283,21109,22297
6284,21110,22274
6285,21111,22416
6286,21112,22300
6287,21114,22301
6288,21115,22425
6289,21116,22686
6290,21117,22603
6291,21118,22442
6292,21119,22280
6293,21120,21743
6294,21121,22433
6295,21122,21889
6296,21124,22693
6297,21125,22642
6298,21126,22640
6299,21129,22697
6300,21130,22501
6301,21131,22316
6302,21132,22317
6303,21133,22344
6304,21134,22449
6305,21135,22544
6306,21137,22323
6307,21138,21859
6308,21139,22577
6309,21140,22390
6310,21141,22252
6311,21142,22452
6312,21143,22255
6313,21144,22329
6314,21145,22814
6315,21146,22366
6316,21147,22563
6317,21148,22929
6318,21149,22392
6319,21150,22611
6320,21151,22273
6321,21152,21982
6322,21153,22583
6323,21154,22219
6324,21155,22339
6325,21156,23053
6326,21157,22260
6327,21158,22464
6328,21159,22346
6329,21161,22511
6330,21162,21760
6331,21163,22350
6332,21165,22525
6333,21166,22265
6334,21167,22654
6335,21168,22905
6336,21169,22613
6337,21170,22230
6338,21171,22527
6339,21172,22380
6340,21173,22529
6341,21174,22361
6342,21177,22364
6343,21178,22227
6344,21179,22367
6345,21180,22231
6346,21182,22907
6347,21184,22565
6348,21186,22713
6349,21187,22471
6350,21188,21848
6351,21189,22375
6352,21190,22406
6353,21191,22342
6354,21192,22572
6355,21193,22472
6356,21194,22379
6357,21196,22277
6358,21197,22267
6359,21198,21787
6360,21199,23060
6361,21200,22382
6362,21201,21736
6363,21202,21703
6364,21203,22281
6365,21204,22546
6366,21205,21994
6367,21206,22579
6368,21208,22441
6369,21209,22617
6370,21210,21623
6371,21211,22911
6372,21212,22616
6373,21213,22776
6374,21214,22513
6375,21215,22398
6376,21216,22246
6377,21217,22288
6378,21218,21819
6379,21219,22882
6380,21220,22547
6381,21221,22291
6382,21222,22909
6383,21223,22331
6384,21224,21404
6385,21225,22407
6386,21226,22292
6387,21227,22293
6388,21228,23068
6389,21229,22410
6390,21230,22804
6391,21231,23069
6392,21232,22424
6393,21234,23009
6394,21235,22418
6395,21236,22318
6396,21238,23014
6397,21240,22423
6398,21241,22304
6399,21242,22427
6400,21243,22601
6401,21245,21918
6402,21246,22429
6403,21247,22491
6404,21248,22391
6405,21249,22307
6406,21250,22388
6407,21251,22431
6408,21253,22434
6409,21255,22200
6410,21256,23121
6411,21257,22296
6412,21258,23027
6413,21259,22448
6414,21260,21887
6415,21262,22454
6416,21263,22218
6417,21264,22137
6418,21265,22411
6419,21266,22930
6420,21267,22459
6421,21269,22345
6422,21270,21870
6423,21271,22349
6424,21272,22498
6425,21273,22468
6426,21274,22090
6427,21275,22731
6428,21277,22374
6429,21278,22961
6430,21279,22437
6431,21280,22474
6432,21281,22971
6433,21282,22447
6434,21284,22975
6435,21285,22147
6436,21286,22480
6437,21287,22775
6438,21288,23119
6439,21289,22482
6440,21295,22485
6441,21296,22295
6442,21297,22446
6443,21298,22933
6444,21300,22488
6445,21301,22489
6446,21302,22467
6447,21305,22389
6448,21307,22492
6449,21312,22707
6450,21314,22657
6451,21315,22505
6452,21316,22741
6453,21317,22202
6454,21321,22409
6455,21324,22007
6456,21325,22548
6457,21326,22623
6458,21328,22226
6459,21329,22627
6460,21330,22357
6461,21334,22523
6462,21335,22820
6463,21336,22561
6464,21338,22652
6465,21339,22658
6466,21340,22512
6467,21341,22619
6468,21342,22337
6469,21343,22369
6470,21344,22093
6471,21346,23248
6472,21348,22625
6473,21349,22540
6474,21350,23070
6475,21351,23313
6476,21352,22174
6477,21353,22515
6478,21354,22699
6479,21355,22606
6480,21356,22714
6481,21358,22715
6482,21359,22716
6483,21360,22516
6484,21361,22415
6485,21363,22622
6486,21364,22250
6487,21366,22969
6488,21367,22921
6489,21368,22631
6490,21369,22633
6491,21370,22830
6492,21372,22764
6493,21373,22937
6494,21374,22609
6495,21375,22278
6496,21376,22946
6497,21377,22977
6498,21378,22674
6499,21379,22660
6500,21381,22298
6501,21382,23084
6502,21383,23144
6503,21384,22570
6504,21385,22650
6505,21386,22743
6506,21387,22675
6507,21388,22678
6508,21389,22576
6509,21391,23325
6510,21392,22420
6511,21394,22692
6512,21395,22744
6513,21397,22647
6514,21398,21999
6515,21399,21820
6516,21400,22584
6517,21401,22653
6518,21402,22978
6519,21405,22669
6520,21406,22558
6521,21407,22746
6522,21409,22299
6523,21410,22596
6524,21412,22894
6525,21413,22599
6526,21414,22726
6527,21417,22732
6528,21418,22593
6529,21419,22326
6530,21420,23028
6531,21421,21783
6532,21422,21724
6533,21423,21813
6534,21424,22704
6535,21425,22705
6536,21426,21739
6537,21428,22620
6538,21431,22549
6539,21432,22807
6540,21434,22792
6541,21435,22718
6542,21436,22809
6543,21437,22321
6544,21438,22869
6545,21440,22214
6546,21441,22852
6547,21442,22628
6548,21444,21967
6549,21445,22635
6550,21446,22790
6551,21447,22636
6552,21448,22765
6553,21450,22042
6554,21451,21900
6555,21452,23104
6556,21453,22335
6557,21454,21747
6558,21455,23056
6559,21456,22643
6560,21457,22533
6561,21458,22630
6562,21459,22521
6563,21460,22738
6564,21461,22637
6565,21462,22756
6566,21463,22734
6567,21464,22646
6568,21465,22649
6569,21467,22786
6570,21468,22553
6571,21469,22621
6572,21470,22655
6573,21471,22871
6574,21472,22859
6575,21473,23469
6576,21474,22494
6577,21475,22663
6578,21477,22843
6579,21479,22073
6580,21480,22370
6581,21481,22800
6582,21482,21696
6583,21484,22779
6584,21486,22673
6585,21487,22666
6586,21488,23388
6587,21489,23456
6588,21490,22822
6589,21491,22833
6590,21492,22502
6591,21493,22677
6592,21494,22503
6593,21495,22868
6594,21496,22681
6595,21497,22504
6596,21498,22772
6597,21499,22047
6598,21500,22856
6599,21501,22749
6600,21502,22687
6601,21503,22234
6602,21505,22690
6603,21506,22645
6604,21507,22538
6605,21508,22604
6606,21509,22587
6607,21511,21709
6608,21512,22802
6609,21513,23044
6610,21514,22827
6611,21515,22841
6612,21516,22701
6613,21518,22078
6614,21519,22703
6615,21520,22585
6616,21521,22586
6617,21522,22722
6618,21524,23223
6619,21526,22710
6620,21527,22461
6621,21528,22559
6622,21530,22589
6623,21531,22825
6624,21532,22443
6625,21533,22783
6626,21535,22717
6627,21536,22532
6628,21537,22417
6629,21538,22720
6630,21539,22150
6631,21540,22550
6632,21541,22724
6633,21542,22725
6634,21543,22600
6635,21544,22897
6636,21545,22982
6637,21548,22634
6638,21549,22264
6639,21550,22733
6640,21551,22607
6641,21553,22736
6642,21554,22831
6643,21556,22581
6644,21557,22582
6645,21558,22598
6646,21559,22508
6647,21560,22898
6648,21561,23198
6649,21562,22762
6650,21566,22682
6651,21568,22729
6652,21569,22770
6653,21570,21974
6654,21571,22457
6655,21574,22340
6656,21575,22755
6657,21577,22463
6658,21578,22706
6659,21579,22944
6660,21580,22759
6661,21583,22797
6662,21584,23000
6663,21585,22671
6664,21587,22680
6665,21589,22683
6666,21591,22168
6667,21593,22439
6668,21594,22760
6669,21595,22662
6670,21597,22158
6671,21599,22428
6672,21600,22782
6673,21604,22771
6674,21605,23015
6675,21608,22787
6676,21609,22846
6677,21611,22867
6678,21620,22864
6679,21624,22032
6680,21627,22913
6681,21628,22591
6682,21630,22952
6683,21631,22808
6684,21632,22810
6685,21635,22719
6686,21636,22836
6687,21637,22812
6688,21638,22605
6689,21639,22821
6690,21640,23034
6691,21641,22644
6692,21642,22947
6693,21644,22805
6694,21646,22829
6695,21647,23039
6696,21648,22967
6697,21649,23253
6698,21652,22239
6699,21653,23041
6700,21655,22819
6701,21656,22629
6702,21657,23158
6703,21658,22698
6704,21659,23002
6705,21660,22103
6706,21661,23004
6707,21663,22191
6708,21664,22848
6709,21665,23018
6710,21667,22330
6711,21669,22901
6712,21670,22850
6713,21671,22141
6714,21672,22844
6715,21673,22426
6716,21676,22925
6717,21677,23228
6718,21679,22157
6719,21680,23012
6720,21681,22854
6721,21682,22076
6722,21683,22939
6723,21684,22500
6724,21686,22055
6725,21687,22942
6726,21688,23001
6727,21690,23137
6728,21691,22535
6729,21693,22659
6730,21695,22956
6731,21697,22866
6732,21698,22965
6733,21699,22966
6734,21700,22998
6735,21701,22960
6736,21704,22979
6737,21705,22578
6738,21706,22404
6739,21707,22837
6740,21708,22877
6741,21710,22988
6742,21711,22990
6743,21712,22283
6744,21714,22857
6745,21715,22594
6746,21716,22876
6747,21717,22892
6748,21718,23067
6749,21719,22895
6750,21720,22305
6751,21722,22900
6752,21723,22011
6753,21727,23095
6754,21728,22914
6755,21729,23010
6756,21730,22486
6757,21731,22751
6758,21732,23043
6759,21734,22918
6760,21735,23125
6761,21737,23097
6762,21738,22919
6763,21740,22811
6764,21741,23134
6765,21744,23050
6766,21745,22333
6767,21746,23019
6768,21749,22044
6769,21751,22934
6770,21752,22817
6771,21755,22487
6772,21756,23016
6773,21757,23059
6774,21758,22801
6775,21759,22948
6776,21761,22279
6777,21762,23020
6778,21763,22858
6779,21764,23126
6780,21765,22995
6781,21766,23296
6782,21767,22824
6783,21769,23106
6784,21770,23138
6785,21771,23064
6786,21772,22899
6787,21773,22949
6788,21774,22943
6789,21775,22950
6790,21776,22951
6791,21777,23111
6792,21779,22818
6793,21780,22723
6794,21781,22862
6795,21782,22567
6796,21784,23080
6797,21785,21938
6798,21786,23047
6799,21788,22963
6800,21789,23146
6801,21790,22146
6802,21791,22968
6803,21792,22086
6804,21793,22973
6805,21794,22475
6806,21796,23108
6807,21797,23116
6808,21798,22872
6809,21799,22688
6810,21800,22689
6811,21801,22927
6812,21802,22962
6813,21803,22980
6814,21804,23131
6815,21805,22981
6816,21806,23176
6817,21808,23264
6818,21809,23042
6819,21810,23118
6820,21811,22694
6821,21815,23140
6822,21817,22989
6823,21818,22880
6824,21821,22421
6825,21826,23123
6826,21828,22884
6827,21829,22987
6828,21830,22886
6829,21831,22887
6830,21832,22889
6831,21833,23321
6832,21834,22450
6833,21835,23127
6834,21836,23005
6835,21837,23006
6836,21838,22983
6837,21839,22632
6838,21840,22303
6839,21841,22916
6840,21842,23112
6841,21843,23054
6842,21844,23055
6843,21847,23023
6844,21850,23029
6845,21851,23078
6846,21854,23147
6847,21855,22181
6848,21856,23172
6849,21857,23061
6850,21861,22777
6851,21863,22784
6852,21864,22924
6853,21865,22815
6854,21867,22341
6855,21869,22938
6856,21871,23057
6857,21873,22972
6858,21874,23303
6859,21876,22667
6860,21877,23243
6861,21878,22509
6862,21881,22381
6863,21883,23063
6864,21886,23065
6865,21890,22588
6866,21892,22709
6867,21893,23072
6868,21896,22412
6869,21897,23008
6870,21899,22184
6871,21901,22915
6872,21902,22926
6873,21903,23024
6874,21904,23197
6875,21905,22282
6876,21907,22220
6877,21910,22651
6878,21912,23326
6879,21915,23100
6880,21916,22879
6881,21917,23258
6882,21919,23076
6883,21921,23204
6884,21922,23096
6885,21923,23276
6886,21925,22935
6887,21927,22520
6888,21928,22954
6889,21929,23099
6890,21930,23227
6891,21931,22213
6892,21932,22739
6893,21934,22828
6894,21935,23107
6895,21936,23245
6896,21940,23110
6897,21942,22834
6898,21945,23045
6899,21947,22838
6900,21948,22796
6901,21949,22985
6902,21950,23315
6903,21952,22524
6904,21954,23292
6905,21956,23281
6906,21957,23102
6907,21958,23007
6908,21959,22778
6909,21962,22190
6910,21970,22904
6911,21973,22922
6912,21976,22940
6913,21980,23117
6914,21981,22906
6915,21983,23234
6916,21984,22863
6917,21985,22568
6918,21986,22371
6919,21987,23218
6920,21988,23247
6921,21990,23251
6922,21993,22873
6923,21995,23263
6924,22000,22400
6925,22001,22401
6926,22003,22403
6927,22005,22860
6928,22006,22890
6929,22008,23166
6930,22012,23265
6931,22013,23215
6932,22015,23297
6933,22017,22312
6934,22018,23268
6935,22019,23278
6936,22031,23294
6937,22034,22881
6938,22035,23179
6939,22041,23338
6940,22043,22753
6941,22045,22754
6942,22048,23171
6943,22052,22798
6944,22053,22941
6945,22054,23033
6946,22058,22842
6947,22059,22497
6948,22060,23229
6949,22061,22823
6950,22062,23105
6951,22063,23037
6952,22065,23133
6953,22066,22874
6954,22067,23235
6955,22068,23087
6956,22070,22614
6957,22071,23049
6958,22072,23071
6959,22077,23145
6960,22079,22555
6961,22081,23387
6962,22082,23470
6963,22084,23148
6964,22087,22172
6965,22088,23239
6966,22089,23256
6967,22091,22957
6968,22092,23168
6969,22095,23141
6970,22098,23182
6971,22099,22393
6972,22100,22394
6973,22101,22728
6974,22102,23189
6975,22105,23052
6976,22107,22290
6977,22109,22287
6978,22110,22791
6979,22111,22781
6980,22113,23301
6981,22114,22888
6982,22119,23128
6983,22120,22466
6984,22121,22891
6985,22122,23286
6986,22124,23013
6987,22125,23163
6988,22134,23174
6989,22135,23025
6990,22136,23332
6991,22138,23216
6992,22139,23195
6993,22144,23453
6994,22145,22310
6995,22149,22444
6996,22156,22853
6997,22164,22826
6998,22165,23038
6999,22169,22573
7000,22179,22708
7001,22180,23124
7002,22192,22445
7003,22198,22590
7004,22205,22745
7005,22208,23091
7006,22235,23115
7007,22237,22518
7008,22240,22531
7009,22241,22580
7010,22258,22641
7011,22270,23113
7012,22271,22740
7013,22294,22592
7014,22309,22920
7015,22313,22945
7016,22314,23030
7017,22322,23261
7018,22324,22903
7019,22338,22855
7020,22355,22465
7021,22356,22908
7022,22363,22795
7023,22365,23238
7024,22368,22861
7025,22383,22992
7026,22385,23139
7027,22395,23269
7028,22396,22910
7029,22435,22912
7030,22436,22612
7031,22451,23103
7032,22458,22931
7033,22484,23021
7034,22534,22695
7035,22539,22696
7036,22542,23157
7037,22543,23274
7038,22554,23011
7039,22602,23231
7040,21123,22610
7041,22618,23159
7042,22639,23212
7043,22661,23051
7044,22712,23109
7045,22737,23211
7046,22742,23040
7047,22747,23161
7048,22785,23075
7049,22788,23066
7050,22793,23449
7051,22832,23031
7052,22835,23330
7053,22878,23046
7054,22883,23170
7055,22896,23196
7056,22970,23173
7057,22559,23079
7058,22509,23092
7059,23098,23320
7060,22647,23122
7061,22047,23150
7062,21818,23154
7063,21743,23175
7064,22815,23181
7065,21870,23188
7066,22124,23192
7067,22783,23205
7068,22816,23213
7069,22936,23219
7070,22341,23220
7071,21081,23233
7072,21783,23244
7073,22680,23255
7074,21516,23270
7075,22254,23275
7076,21216,23283
7077,21455,23304
7078,22087,23311
7079,22211,23316
7080,21408,23322
7081,21635,23323
7082,22993,23327
7083,22975,23331
7084,22760,23334
7085,22016,23337
7086,22747,23340
7087,22072,23341
7088,21670,23345
7089,22061,23348
7090,23148,23351
7091,22443,23353
7092,22724,23354
7093,21841,23360
7094,22733,23368
7095,22122,23370
7096,22596,23371
7097,21917,23372
7098,21965,23375
7099,21143,23376
7100,22934,23379
7101,21695,23383
7102,22771,23395
7103,19676,23404
7104,22273,23413
7105,22090,23423
7106,21893,23433
7107,22305,23436
7108,21321,23438
7109,22138,23448
7110,21112,23459
7111,20481,23460
7112,21376,23461
7113,23539,25169
7114,23543,23819
7115,23544,24244
7116,23558,25734
7117,23563,24531
7118,23569,25678
7119,23573,24236
7120,23594,24627
7121,23602,25972
7122,23609,25021
7123,23635,24696
7124,23637,24108
7125,23642,24305
7126,23643,26911
7127,23644,25671
7128,23652,24147
7129,23655,24231
7130,23663,25202
7131,23664,24449
7132,23682,25478
7133,23693,25828
7134,23707,25049
7135,23722,25098
7136,23732,25761
7137,23744,26010
7138,23756,25487
7139,23757,23984
7140,23759,26051
7141,23761,26357
7142,23763,26025
7143,23766,26322
7144,23801,25932
7145,23824,25541
7146,23827,25754
7147,23844,27074
7148,23849,24425
7149,23855,24836
7150,23858,25060
7151,23864,27201
7152,23882,24257
7153,23887,26521
7154,23893,25151
7155,23899,24737
7156,23905,24921
7157,23919,25224
7158,23920,25401
7159,23924,25042
7160,23925,24633
7161,23938,26348
7162,23945,24396
7163,23956,26005
7164,23980,26351
7165,23982,25902
7166,23995,24771
7167,24007,24769
7168,24009,26946
7169,24014,24611
7170,24020,25985
7171,24025,24773
7172,24028,27187
7173,24033,25928
7174,24039,25151
7175,24051,26665
7176,24054,24266
7177,24061,27212
7178,24075,26393
7179,24087,25996
7180,24122,24956
7181,24138,25868
7182,24144,26535
7183,24152,24337
7184,24153,27107
7185,24170,25452
7186,24173,26296
7187,24174,26931
7188,24184,27203
7189,24203,24505
7190,24207,24941
7191,24213,24527
7192,24215,25603
7193,24221,27121
7194,24234,26929
7195,24235,27165
7196,24241,25725
7197,24258,27126
7198,24270,24310
7199,24279,24451
7200,24280,27236
7201,24281,27155
7202,24295,26183
7203,24297,26667
7204,24304,26686
7205,24307,25693
7206,24308,26085
7207,24311,26125
7208,24312,24957
7209,24331,25288
7210,24332,26191
7211,24352,25003
7212,24355,25796
7213,24373,26123
7214,24374,27487
7215,24389,26287
7216,24397,26910
7217,24412,26000
7218,24421,26669
7219,24443,27244
7220,24444,26576
7221,24452,25729
7222,24453,26983
7223,24476,26840
7224,24485,26332
7225,24516,25436
7226,24545,27076
7227,24569,27010
7228,24575,26067
7229,24605,26618
7230,24617,24740
7231,24649,26941
7232,24686,25765
7233,24746,26661
7234,24778,25029
7235,24790,26651
7236,24794,27023
7237,24795,25823
7238,24804,26142
7239,24807,27039
7240,24808,26755
7241,24809,25363
7242,24811,27344
7243,24812,27258
7244,24813,25961
7245,24815,26310
7246,24816,26456
7247,24821,27273
7248,24822,27353
7249,24823,26337
7250,24824,26163
7251,24825,25473
7252,24828,26170
7253,24829,27588
7254,24832,27412
7255,24833,26258
7256,24837,26243
7257,24838,26593
7258,24839,27342
7259,24840,26189
7260,24842,26561
7261,24844,27286
7262,24846,26565
7263,24852,27373
7264,24853,26065
7265,24855,27402
7266,24856,26023
7267,24861,26967
7268,24864,26263
7269,24866,26234
7270,24868,26063
7271,24871,27414
7272,24874,27090
7273,24876,26138
7274,24877,26374
7275,24878,27282
7276,24879,26382
7277,24881,26990
7278,24883,26767
7279,24884,25979
7280,24886,27570
7281,24887,26193
7282,24888,26747
7283,24889,26801
7284,24890,26378
7285,24893,27569
7286,24894,26207
7287,24895,26229
7288,24896,26789
7289,24897,27576
7290,24898,26470
7291,24900,25988
7292,24901,26684
7293,24902,25992
7294,24903,26346
7295,24905,26165
7296,24906,27202
7297,24907,26425
7298,24908,26426
7299,24910,26141
7300,24911,26247
7301,24912,26975
7302,24916,27275
7303,24917,27289
7304,24918,25997
7305,24919,27299
7306,24920,27416
7307,24922,27293
7308,24923,26137
7309,24924,26194
7310,24925,26069
7311,24926,26070
7312,24927,26184
7313,24928,26268
7314,24929,26144
7315,24931,26204
7316,24932,25660
7317,24933,25469
7318,24934,26150
7319,24935,26756
7320,24936,27347
7321,24937,25667
7322,24938,26490
7323,24939,26760
7324,24940,25629
7325,24942,26227
7326,24943,26188
7327,24944,26702
7328,24945,26275
7329,24946,26160
7330,24948,25862
7331,24949,26334
7332,24950,26772
7333,24952,26306
7334,24954,26825
7335,24955,26340
7336,24958,26445
7337,24960,26692
7338,24961,26343
7339,24962,26390
7340,24963,25381
7341,24964,26391
7342,24967,26314
7343,24968,26181
7344,24969,26313
7345,24972,26186
7346,24973,26284
7347,24974,26329
7348,24975,25279
7349,24978,26807
7350,24980,26071
7351,24981,26130
7352,24983,26196
7353,24984,26197
7354,24985,26798
7355,24986,27103
7356,24987,26201
7357,24990,26603
7358,24992,26076
7359,24993,25491
7360,24995,25913
7361,24997,26819
7362,24998,26530
7363,24999,26523
7364,25000,25688
7365,25001,26625
7366,25002,25319
7367,25004,27214
7368,25005,26168
7369,25006,26058
7370,25007,25924
7371,25008,26668
7372,25010,26359
7373,25012,26301
7374,25013,26361
7375,25014,26362
7376,25015,26143
7377,25016,26139
7378,25017,25640
7379,25019,26116
7380,25020,26303
7381,25022,26546
7382,25023,26453
7383,25024,26632
7384,25026,27226
7385,25027,26383
7386,25028,27422
7387,25031,26250
7388,25033,25648
7389,25034,26506
7390,25036,26370
7391,25037,26551
7392,25038,26693
7393,25039,26657
7394,25041,26114
7395,25043,26277
7396,25044,26140
7397,25045,26893
7398,25047,26269
7399,25048,26120
7400,25050,26884
7401,25051,25965
7402,25052,26166
7403,25053,26167
7404,25054,26213
7405,25055,26266
7406,25056,26281
7407,25061,25681
7408,25062,26195
7409,25063,26288
7410,25064,26239
7411,25065,26895
7412,25067,26200
7413,25069,26208
7414,25070,27166
7415,25072,26887
7416,25074,25620
7417,25076,25809
7418,25077,26360
7419,25078,26590
7420,25079,26298
7421,25082,26302
7422,25083,26117
7423,25084,25764
7424,25085,26246
7425,25087,26868
7426,25088,26309
7427,25091,27571
7428,25092,26984
7429,25093,26154
7430,25094,25468
7431,25096,26274
7432,25097,26012
7433,25100,27082
7434,25102,26435
7435,25103,26497
7436,25105,27080
7437,25107,26407
7438,25108,26339
7439,25109,26710
7440,25110,26520
7441,25111,26349
7442,25112,26484
7443,25113,26468
7444,25114,26214
7445,25116,26534
7446,25117,26548
7447,25118,26854
7448,25119,27211
7449,25120,26438
7450,25121,26443
7451,25122,26326
7452,25123,26537
7453,25125,26327
7454,25127,26373
7455,25132,26958
7456,25133,25400
7457,25134,26034
7458,25135,26273
7459,25136,26333
7460,25137,26921
7461,25138,26518
7462,25140,26356
7463,25141,26496
7464,25143,26363
7465,25146,26802
7466,25147,26107
7467,25148,26226
7468,25152,26533
7469,25153,26086
7470,25154,26002
7471,25155,26338
7472,25156,26424
7473,25157,26369
7474,25158,27459
7475,25159,26148
7476,25160,26328
7477,25162,26987
7478,25163,26381
7479,25164,26687
7480,25165,26386
7481,25166,26377
7482,25167,26409
7483,25168,26341
7484,25170,26563
7485,25171,26094
7486,25172,26495
7487,25174,26543
7488,25175,26421
7489,25176,25577
7490,25177,26464
7491,25178,26791
7492,25179,26556
7493,25180,26498
7494,25181,26400
7495,25182,26401
7496,25183,26505
7497,25184,26325
7498,25185,26403
7499,25186,26511
7500,25187,27115
7501,25188,26108
7502,25189,26387
7503,25191,26397
7504,25192,26821
7505,25193,26829
7506,25195,26415
7507,25196,25993
7508,25197,26566
7509,25198,26416
7510,25199,26540
7511,25200,26420
7512,25201,26422
7513,25203,27148
7514,25204,26199
7515,25205,26295
7516,25208,26552
7517,25209,26553
7518,25211,25948
7519,25212,26090
7520,25213,26428
7521,25214,26749
7522,25215,26758
7523,25216,26757
7524,25217,26475
7525,25218,26392
7526,25219,26813
7527,25220,27118
7528,25221,27119
7529,25222,27086
7530,25223,26018
7531,25225,27070
7532,25226,26324
7533,25227,26519
7534,25228,26572
7535,25229,26560
7536,25230,26439
7537,25231,26440
7538,25232,26635
7539,25233,26441
7540,25234,27190
7541,25235,25901
7542,25236,25824
7543,25237,26446
7544,25238,25534
7545,25239,26678
7546,25240,26375
7547,25241,26578
7548,25242,26594
7549,25243,26451
7550,25244,26579
7551,25245,26683
7552,25246,26732
7553,25247,26093
7554,25249,26267
7555,25250,26463
7556,25251,26510
7557,25252,26586
7558,25253,25545
7559,25254,26162
7560,25255,26770
7561,25256,25863
7562,25257,26486
7563,25258,26335
7564,25259,26471
7565,25260,25561
7566,25261,26617
7567,25262,26474
7568,25263,26515
7569,25264,26731
7570,25265,26649
7571,25266,26462
7572,25267,26444
7573,25268,26389
7574,25270,26175
7575,25271,26480
7576,25272,26481
7577,25273,26653
7578,25274,25880
7579,25277,26286
7580,25278,26655
7581,25280,26492
7582,25281,25897
7583,25282,26417
7584,25283,26494
7585,25284,26698
7586,25285,26694
7587,25286,26365
7588,25287,27243
7589,25289,25895
7590,25290,26399
7591,25291,27189
7592,25292,26541
7593,25293,26659
7594,25294,26398
7595,25295,26600
7596,25296,26485
7597,25297,26508
7598,25298,27009
7599,25299,26925
7600,25301,26706
7601,25302,27246
7602,25303,26482
7603,25304,26355
7604,25305,26380
7605,25306,26738
7606,25307,25550
7607,25308,27012
7608,25309,25756
7609,25310,27018
7610,25311,26735
7611,25312,26900
7612,25313,26212
7613,25314,26458
7614,25315,26293
7615,25316,27004
7616,25317,26996
7617,25318,26666
7618,25320,26450
7619,25321,26916
7620,25322,26414
7621,25323,26529
7622,25324,27016
7623,25325,25719
7624,25326,27133
7625,25328,26427
7626,25329,25622
7627,25330,26637
7628,25331,27177
7629,25332,26628
7630,25333,26538
7631,25334,26539
7632,25335,26419
7633,25336,27144
7634,25337,26472
7635,25338,26423
7636,25339,26545
7637,25340,26447
7638,25341,26119
7639,25342,26242
7640,25343,26476
7641,25344,26672
7642,25345,26611
7643,25346,26549
7644,25347,27167
7645,25348,25608
7646,25349,26465
7647,25350,26124
7648,25351,26554
7649,25353,27306
7650,25354,26558
7651,25355,26449
7652,25356,26259
7653,25358,26601
7654,25359,26570
7655,25360,26980
7656,25361,26574
7657,25364,26448
7658,25365,26612
7659,25366,26270
7660,25367,27052
7661,25369,26942
7662,25370,26582
7663,25371,26699
7664,25372,26859
7665,25373,27060
7666,25374,26466
7667,25375,25983
7668,25378,26469
7669,25380,26587
7670,25382,26564
7671,25383,26526
7672,25384,26607
7673,25385,26307
7674,25386,26591
7675,25388,26017
7676,25389,27217
7677,25393,26192
7678,25394,26224
7679,25395,27099
7680,25396,27388
7681,25397,26604
7682,25398,25604
7683,25399,25990
7684,25402,26225
7685,25404,27097
7686,25406,26609
7687,25407,26238
7688,25408,27305
7689,25409,26473
7690,25410,26491
7691,25412,26429
7692,25414,26742
7693,25415,27174
7694,25418,25674
7695,25419,26872
7696,25420,26205
7697,25422,27108
7698,25425,27403
7699,25426,26517
7700,25428,26633
7701,25429,26634
7702,25430,26442
7703,25432,26748
7704,25438,27297
7705,25439,26646
7706,25440,26433
7707,25442,25601
7708,25444,26783
7709,25445,26636
7710,25446,26982
7711,25448,26662
7712,25449,25600
7713,25450,26816
7714,25451,26664
7715,25453,26746
7716,25454,27255
7717,25456,26843
7718,25457,25994
7719,25458,26771
7720,25459,26235
7721,25460,26852
7722,25461,27378
7723,25462,26652
7724,25463,26676
7725,25464,26075
7726,25465,26848
7727,25466,26680
7728,25467,26914
7729,25470,26717
7730,25471,26156
7731,25472,26769
7732,25474,26691
7733,25475,26169
7734,25476,25875
7735,25477,26762
7736,25479,26785
7737,25480,26396
7738,25482,26792
7739,25483,26793
7740,25484,26814
7741,25485,27182
7742,25486,26992
7743,25488,26388
7744,25489,26704
7745,25490,26623
7746,25492,26818
7747,25493,26834
7748,25494,25904
7749,25495,26822
7750,25496,26824
7751,25497,26220
7752,25498,26712
7753,25499,27413
7754,25500,26830
7755,25501,26871
7756,25502,26870
7757,25503,26696
7758,25504,26522
7759,25505,26629
7760,25506,26714
7761,25507,26723
7762,25508,27146
7763,25509,26725
7764,25510,26726
7765,25511,26727
7766,25512,26810
7767,25513,25942
7768,25515,26858
7769,25516,26786
7770,25517,26808
7771,25518,26809
7772,25519,26615
7773,25520,26864
7774,25521,26730
7775,25522,27104
7776,25523,26947
7777,25525,26935
7778,25526,26917
7779,25527,26371
7780,25528,26745
7781,25529,26969
7782,25530,27042
7783,25531,27043
7784,25532,27183
7785,25533,26639
7786,25535,26751
7787,25536,26754
7788,25537,26318
7789,25538,26881
7790,25539,26855
7791,25540,26172
7792,25542,25851
7793,25543,26454
7794,25544,26703
7795,25547,26198
7796,25548,26763
7797,25549,27433
7798,25551,26764
7799,25552,26885
7800,25553,26766
7801,25554,26886
7802,25555,26956
7803,25556,27356
7804,25557,26648
7805,25558,26775
7806,25559,26776
7807,25560,26777
7808,25562,26922
7809,25563,26949
7810,25564,26780
7811,25565,26081
7812,25566,27000
7813,25567,25884
7814,25568,26479
7815,25569,26781
7816,25570,26740
7817,25571,26620
7818,25572,26974
7819,25573,26654
7820,25574,26787
7821,25576,26954
7822,25578,26873
7823,25579,26856
7824,25581,26215
7825,25582,27006
7826,25583,27188
7827,25584,26700
7828,25585,27096
7829,25586,27162
7830,25588,26739
7831,25589,26695
7832,25590,25797
7833,25591,26841
7834,25592,26021
7835,25593,26803
7836,25595,26806
7837,25596,26962
7838,25597,26663
7839,25598,26708
7840,25599,26709
7841,25602,26919
7842,25605,26817
7843,25606,26846
7844,25607,26831
7845,25609,26790
7846,25610,26736
7847,25611,25820
7848,25612,26823
7849,25613,26826
7850,25614,26528
7851,25616,26716
7852,25617,26812
7853,25618,26228
7854,25619,26737
7855,25621,26835
7856,25623,27013
7857,25626,26879
7858,25628,26838
7859,25630,26842
7860,25631,26844
7861,25632,26913
7862,25633,26719
7863,25634,26845
7864,25635,26849
7865,25636,25941
7866,25637,26689
7867,25638,26003
7868,25639,26857
7869,25641,27423
7870,25642,26707
7871,25643,26860
7872,25644,27227
7873,25645,26820
7874,25646,26862
7875,25647,26555
7876,25649,25951
7877,25650,25952
7878,25651,26866
7879,25652,27071
7880,25653,26899
7881,25655,26679
7882,25656,26877
7883,25657,26741
7884,25659,26744
7885,25662,26276
7886,25663,26743
7887,25665,26581
7888,25668,26882
7889,25669,26589
7890,25673,26890
7891,25675,26966
7892,25682,26622
7893,25683,26796
7894,25684,26797
7895,25685,26289
7896,25687,26507
7897,25690,26874
7898,25691,27122
7899,25692,26294
7900,25694,26908
7901,25695,26909
7902,25696,26720
7903,25697,27457
7904,25698,26878
7905,25699,26973
7906,25700,26724
7907,25703,26888
7908,25704,26728
7909,25706,26504
7910,25709,27063
7911,25711,26971
7912,25716,26527
7913,25718,27131
7914,25720,26300
7915,25721,27087
7916,25722,27136
7917,25724,26915
7918,25726,26876
7919,25727,27037
7920,25728,27069
7921,25730,26961
7922,25731,26951
7923,25732,26986
7924,25733,27049
7925,25735,26784
7926,25738,26934
7927,25739,26804
7928,25740,26779
7929,25741,27135
7930,25742,26923
7931,25744,27081
7932,25746,26955
7933,25747,27034
7934,25748,26765
7935,25749,26701
7936,25750,26944
7937,25751,27008
7938,25752,26660
7939,25753,26509
7940,25757,27092
7941,25758,26964
7942,25759,27123
7943,25762,26970
7944,25763,26644
7945,25766,26642
7946,25767,26264
7947,25768,27093
7948,25769,26932
7949,25772,26671
7950,25773,27208
7951,25774,26988
7952,25775,27046
7953,25777,26711
7954,25778,27139
7955,25779,27050
7956,25780,26271
7957,25781,26994
7958,25782,27026
7959,25783,27345
7960,25784,26219
7961,25786,26650
7962,25787,27264
7963,25788,26805
7964,25789,27163
7965,25790,26483
7966,25791,27003
7967,25792,27150
7968,25793,27017
7969,25794,26993
7970,25795,26995
7971,25798,27106
7972,25799,26411
7973,25800,27114
7974,25801,27147
7975,25802,27142
7976,25803,26384
7977,25804,27014
7978,25805,26073
7979,25806,26218
7980,25807,27054
7981,25808,27127
7982,25810,26223
7983,25811,27005
7984,25813,26985
7985,25814,27019
7986,25815,26174
7987,25816,26981
7988,25817,27022
7989,25818,27025
7990,25819,27027
7991,25821,26013
7992,25822,27168
7993,25827,27110
7994,25829,26210
7995,25830,26185
7996,25831,26122
7997,25832,27154
7998,25833,27216
7999,25834,27078
8000,25835,27186
8001,25836,26979
8002,25837,27209
8003,25838,27038
8004,25839,26082
8005,25840,27040
8006,25841,27044
8007,25842,26368
8008,25843,26936
8009,25844,26978
8010,25845,26752
8011,25846,26937
8012,25847,27048
8013,25848,26938
8014,25849,26452
8015,25850,26155
8016,25852,26379
8017,25853,26157
8018,25855,27057
8019,25856,27232
8020,25857,27059
8021,25858,26575
8022,25859,27061
8023,25860,27062
8024,25861,27178
8025,25864,27064
8026,25865,26948
8027,25866,27116
8028,25867,27066
8029,25869,27047
8030,25870,27181
8031,25871,27098
8032,25872,27362
8033,25873,27055
8034,25874,27365
8035,25876,27279
8036,25877,27280
8037,25878,27079
8038,25879,26940
8039,25881,26952
8040,25882,27085
8041,25883,26131
8042,25885,27239
8043,25886,27377
8044,25887,27245
8045,25888,27091
8046,25889,27113
8047,25890,27284
8048,25891,27241
8049,25892,27242
8050,25893,27077
8051,25894,27094
8052,25896,27382
8053,25898,26596
8054,25899,27100
8055,25900,26571
8056,25903,26800
8057,25905,27007
8058,25906,27444
8059,25907,27112
8060,25908,26926
8061,25909,26133
8062,25910,26627
8063,25911,27248
8064,25912,27156
8065,25914,26320
8066,25915,27194
8067,25916,26089
8068,25917,26605
8069,25919,27231
8070,25920,27196
8071,25921,27238
8072,25923,27129
8073,25925,26321
8074,25926,27088
8075,25929,26595
8076,25930,27254
8077,25931,27137
8078,25933,27020
8079,25934,27021
8080,25935,27143
8081,25936,26544
8082,25938,27024
8083,25939,26410
8084,25940,27149
8085,25944,27151
8086,25945,27152
8087,25946,27224
8088,25949,27291
8089,25950,26557
8090,25953,26963
8091,25954,27290
8092,25955,27035
8093,25956,26573
8094,25957,26499
8095,25960,26939
8096,25962,27053
8097,25963,26675
8098,25967,27176
8099,25968,26502
8100,25969,27089
8101,25970,26161
8102,25971,27210
8103,25973,27075
8104,25974,26177
8105,25976,26614
8106,25978,26795
8107,25980,27073
8108,25981,26501
8109,25982,27191
8110,25984,27386
8111,25987,26901
8112,25989,27249
8113,25991,27015
8114,25995,26928
8115,26001,26880
8116,26004,27173
8117,26007,27207
8118,26008,26477
8119,26009,26616
8120,26011,26330
8121,26015,26782
8122,26016,27372
8123,26019,26315
8124,26022,27220
8125,26026,27180
8126,26028,27102
8127,26029,27339
8128,26031,27228
8129,26033,26972
8130,26037,27198
8131,26038,27360
8132,26039,27364
8133,26040,27367
8134,26041,26478
8135,26042,26950
8136,26044,27233
8137,26045,27083
8138,26046,26489
8139,26048,27230
8140,26049,27379
8141,26052,26957
8142,26054,27256
8143,26055,27164
8144,26056,27397
8145,26060,27411
8146,26061,26536
8147,26062,26943
8148,26064,27421
8149,26066,26674
8150,26074,27266
8151,26077,27268
8152,26078,27128
8153,26080,26682
8154,26084,26647
8155,26087,27235
8156,26091,26998
8157,26092,27072
8158,26095,27396
8159,26098,27283
8160,26100,27439
8161,26101,27446
8162,26102,27095
8163,26103,26597
8164,26104,27288
8165,26105,27109
8166,26111,26905
8167,26112,26721
8168,26113,27454
8169,26115,27296
8170,26118,27303
8171,26126,27429
8172,26127,27348
8173,26128,26656
8174,26129,27393
8175,26132,27240
8176,26134,27395
8177,26135,27134
8178,26136,27338
8179,26145,27312
8180,26146,27171
8181,26147,27343
8182,26149,27361
8183,26151,26697
8184,26153,27170
8185,26164,27160
8186,26173,27495
8187,26176,27508
8188,26178,27215
8189,26179,26640
8190,26180,26891
8191,26182,27184
8192,26202,27205
8193,26203,27287
8194,26206,27247
8195,26209,27326
8196,26211,27327
8197,26216,26902
8198,26217,27358
8199,26221,26904
8200,26231,26836
8201,26233,27195
8202,26236,26542
8203,26240,27418
8204,26241,26547
8205,26244,27219
8206,26245,26569
8207,26248,27311
8208,26251,26729
8209,26253,27337
8210,26256,26927
8211,26257,27507
8212,26260,27493
8213,26261,27125
8214,26272,27058
8215,26279,27366
8216,26280,26889
8217,26290,26624
8218,26312,27371
8219,26317,27111
8220,26319,27222
8221,26323,27029
8222,26331,26863
8223,26344,26999
8224,26345,27443
8225,26347,27380
8226,26352,26402
8227,26354,27369
8228,26367,26621
8229,26376,27145
8230,26385,27278
8231,26394,26788
8232,26395,26753
8233,26406,26610
8234,26408,26811
8235,26412,26906
8236,26413,26828
8237,26418,27200
8238,26431,27117
8239,26432,27158
8240,26434,27045
8241,26436,27120
8242,26455,27031
8243,26457,27030
8244,26459,26989
8245,26461,26833
8246,26467,26750
8247,26487,26733
8248,26488,26705
8249,26503,27124
8250,26512,27011
8251,26513,26734
8252,26514,27221
8253,26516,27032
8254,26524,27002
8255,26550,26681
8256,26559,27033
8257,26567,27153
8258,26580,27068
8259,26602,27193
8260,26630,26976
8261,26631,27157
8262,25169,26677
8263,26715,26965
8264,26718,27225
8265,26722,27140
8266,26778,27051
8267,26827,27141
8268,26847,27204
8269,26850,27419
8270,26851,27307
8271,26853,27328
8272,26861,27478
8273,26865,27427
8274,26867,27428
8275,26892,27084
8276,26894,27468
8277,26960,27564
8278,26997,27363
8279,27028,27424
8280,27056,27489
8281,27105,27387
8282,27130,27331
8283,27185,27376
8284,25112,27197
8285,25862,27213
8286,25924,27223
8287,25979,27234
8288,27261,27496
8289,27262,27497
8290,27072,27277
8291,26468,27295
8292,25406,27298
8293,27300,27553
8294,25936,27301
8295,27304,27518
8296,27184,27320
8297,26905,27330
8298,26878,27334
8299,25634,27336
8300,25373,27352
8301,25865,27357
8302,26526,27368
8303,26281,27370
8304,27097,27383
8305,25234,27384
8306,24987,27389
8307,27391,27560
8308,27392,27561
8309,25758,27398
8310,27133,27406
8311,26737,27407
8312,27409,27499
8313,27417,27582
8314,25296,27438
8315,25898,27441
8316,26519,27450
8317,26665,27453
8318,27153,27458
8319,25932,27460
8320,27462,27593
8321,25832,27463
8322,23644,27465
8323,25395,27469
8324,26669,27471
8325,26213,27473
8326,26235,27476
8327,26465,27477
8328,25432,27480
8329,25621,27483
8330,26548,27484
8331,25643,27486
8332,26046,27491
8333,25739,27492
8334,25253,27500
8335,25299,27512
8336,26256,27513
8337,26517,27514
8338,26851,27522
8339,27236,27534
8340,26193,27539
8341,25632,27554
8342,26727,27555
8343,27428,27558
8344,27182,27573
8345,27610,28394
8346,27616,28237
8347,27641,28213
8348,27660,31369
8349,27664,28352
8350,27677,28553
8351,27678,28047
8352,27706,29012
8353,27707,30244
8354,27722,31263
8355,27739,29877
8356,27741,28288
8357,27743,29040
8358,27771,28223
8359,27772,30271
8360,27773,28554
8361,27784,30256
8362,27787,29604
8363,27803,29168
8364,27819,29655
8365,27834,28475
8366,27851,28799
8367,27859,28335
8368,27871,29025
8369,27909,28228
8370,27936,28505
8371,27946,31066
8372,27947,31380
8373,27952,28452
8374,27960,29436
8375,27979,30682
8376,27992,28253
8377,27993,28162
8378,27996,29924
8379,28012,28543
8380,28014,29656
8381,28023,29673
8382,28030,30477
8383,28033,28812
8384,28095,30733
8385,28101,31348
8386,28102,29063
8387,28106,31210
8388,28123,29056
8389,28142,28339
8390,28181,30167
8391,28188,29291
8392,28199,28807
8393,28200,28749
8394,28211,29626
8395,28227,28969
8396,28229,30974
8397,28232,30338
8398,28272,30444
8399,28285,28644
8400,28309,30014
8401,28320,29659
8402,28321,29369
8403,28337,29896
8404,28350,30107
8405,28363,29250
8406,28380,28906
8407,28385,30246
8408,28387,29003
8409,28390,29164
8410,28391,30211
8411,28393,31153
8412,28396,30219
8413,28406,29181
8414,28414,29033
8415,28429,29403
8416,28437,31088
8417,28441,29113
8418,28451,30714
8419,28478,29303
8420,28481,31371
8421,28499,29044
8422,28504,30216
8423,28531,30287
8424,28546,28836
8425,28560,30409
8426,28572,30815
8427,28576,29928
8428,28653,29284
8429,28656,29353
8430,28663,29006
8431,28664,29357
8432,28707,30797
8433,28714,29249
8434,28721,30276
8435,28724,31187
8436,28756,30200
8437,28783,30983
8438,28803,29098
8439,28809,30906
8440,28811,30273
8441,28823,31219
8442,28827,29468
8443,28828,30599
8444,28831,31113
8445,28833,29355
8446,28841,31586
8447,28844,30810
8448,28847,30386
8449,28848,30366
8450,28849,30694
8451,28851,30365
8452,28852,31530
8453,28854,30492
8454,28856,30493
8455,28857,30333
8456,28861,30798
8457,28863,31183
8458,28864,30943
8459,28867,31595
8460,28869,29118
8461,28870,31162
8462,28872,30425
8463,28874,31104
8464,28877,30502
8465,28879,30804
8466,28880,30504
8467,28883,30318
8468,28886,30147
8469,28889,30192
8470,28890,31106
8471,28891,30039
8472,28892,30040
8473,28894,30878
8474,28895,31107
8475,28902,30351
8476,28903,30634
8477,28905,30659
8478,28909,30695
8479,28910,30286
8480,28911,30156
8481,28912,31161
8482,28914,29491
8483,28918,31122
8484,28919,30320
8485,28920,31446
8486,28927,30978
8487,28930,29807
8488,28932,30291
8489,28933,30718
8490,28934,30132
8491,28938,30292
8492,28939,31332
8493,28941,29324
8494,28942,31353
8495,28947,30126
8496,28950,31078
8497,28952,31451
8498,28953,30045
8499,28954,29456
8500,28955,31355
8501,28957,29840
8502,28958,29344
8503,28963,29938
8504,28964,29435
8505,28965,31032
8506,28967,31165
8507,28968,30143
8508,28972,31360
8509,28973,29617
8510,28974,31362
8511,28975,31363
8512,28976,31559
8513,28979,30213
8514,28980,30582
8515,28982,30568
8516,28983,30314
8517,28984,30209
8518,28990,30352
8519,28991,31154
8520,28992,30451
8521,28993,30457
8522,28995,30723
8523,28996,30424
8524,28998,30205
8525,28999,30763
8526,29001,30679
8527,29004,31149
8528,29010,30773
8529,29011,29988
8530,29013,30408
8531,29016,30796
8532,29017,31245
8533,29018,30182
8534,29020,30614
8535,29021,30173
8536,29022,30064
8537,29024,30791
8538,29026,30703
8539,29028,31534
8540,29032,30201
8541,29034,30299
8542,29038,30037
8543,29039,31136
8544,29042,30134
8545,29045,29402
8546,29047,31050
8547,29049,30298
8548,29050,30389
8549,29051,31272
8550,29052,30297
8551,29053,31418
8552,29057,31293
8553,29061,30870
8554,29062,30921
8555,29064,30337
8556,29065,30339
8557,29066,31312
8558,29068,30579
8559,29070,30869
8560,29071,30190
8561,29072,31565
8562,29074,30949
8563,29076,31239
8564,29078,30516
8565,29081,31516
8566,29082,30973
8567,29083,30249
8568,29085,31524
8569,29087,31264
8570,29088,30700
8571,29089,31531
8572,29090,29546
8573,29095,30427
8574,29096,30421
8575,29097,30071
8576,29100,30636
8577,29101,30747
8578,29103,31166
8579,29104,31701
8580,29106,31710
8581,29109,30527
8582,29110,30941
8583,29111,30343
8584,29112,30283
8585,29114,30668
8586,29115,30555
8587,29116,30781
8588,29119,30553
8589,29120,30689
8590,29121,30697
8591,29122,29815
8592,29123,31079
8593,29124,30393
8594,29125,30702
8595,29128,31687
8596,29129,30561
8597,29130,30410
8598,29131,30412
8599,29132,30420
8600,29135,31705
8601,29136,30461
8602,29137,31709
8603,29138,29943
8604,29139,30462
8605,29140,30436
8606,29141,30380
8607,29142,30433
8608,29143,30055
8609,29144,30813
8610,29145,30313
8611,29146,30619
8612,29150,30328
8613,29151,31368
8614,29152,31074
8615,29153,30231
8616,29154,29753
8617,29155,30335
8618,29156,29685
8619,29157,31110
8620,29158,30724
8621,29159,30467
8622,29160,30641
8623,29161,30464
8624,29163,30768
8625,29165,30687
8626,29167,31158
8627,29169,30539
8628,29170,30474
8629,29171,31084
8630,29172,30476
8631,29173,30657
8632,29174,29829
8633,29175,30355
8634,29176,30079
8635,29177,30240
8636,29178,30303
8637,29179,30358
8638,29180,31137
8639,29182,30085
8640,29183,30242
8641,29184,30545
8642,29185,30635
8643,29186,30592
8644,29187,30179
8645,29188,30877
8646,29189,31633
8647,29190,30749
8648,29192,31273
8649,29193,30369
8650,29194,30370
8651,29195,31399
8652,29196,29792
8653,29197,30245
8654,29198,30094
8655,29201,29731
8656,29203,30735
8657,29204,30300
8658,29205,30382
8659,29206,31511
8660,29207,30848
8661,29208,30982
8662,29209,30189
8663,29210,30591
8664,29212,31072
8665,29213,30388
8666,29214,31073
8667,29215,29813
8668,29216,30588
8669,29217,31265
8670,29218,31267
8671,29219,30289
8672,29220,29709
8673,29222,30295
8674,29224,30398
8675,29225,31532
8676,29227,30401
8677,29228,31630
8678,29229,30403
8679,29231,30999
8680,29232,30121
8681,29233,30519
8682,29234,30673
8683,29237,30411
8684,29238,31135
8685,29239,30198
8686,29241,30416
8687,29242,30129
8688,29243,30418
8689,29244,30309
8690,29246,30523
8691,29247,29538
8692,29248,30423
8693,29251,30266
8694,29253,31640
8695,29254,31294
8696,29256,31422
8697,29257,30564
8698,29258,31184
8699,29259,30431
8700,29260,31642
8701,29262,30397
8702,29263,30307
8703,29264,30294
8704,29265,30280
8705,29266,30023
8706,29267,31419
8707,29268,29882
8708,29269,30905
8709,29270,30505
8710,29271,30443
8711,29272,31711
8712,29273,30617
8713,29274,31398
8714,29275,30750
8715,29276,30329
8716,29277,29764
8717,29279,31643
8718,29280,31151
8719,29281,30499
8720,29282,30482
8721,29283,31212
8722,29285,30341
8723,29287,30937
8724,29288,30466
8725,29289,30486
8726,29292,30367
8727,29293,30945
8728,29294,30350
8729,29297,30330
8730,29298,30478
8731,29299,31344
8732,29300,30483
8733,29301,31584
8734,29302,31051
8735,29305,30106
8736,29306,31018
8737,29307,30923
8738,29308,31008
8739,29310,30956
8740,29311,31329
8741,29316,30495
8742,29317,30497
8743,29318,29533
8744,29319,30012
8745,29320,30152
8746,29321,29913
8747,29325,30487
8748,29328,31033
8749,29329,30441
8750,29330,30439
8751,29332,30446
8752,29334,30817
8753,29336,31101
8754,29338,30955
8755,29339,31049
8756,29340,30031
8757,29341,30373
8758,29342,30093
8759,29348,30528
8760,29349,31211
8761,29350,30533
8762,29351,30732
8763,29354,30535
8764,29356,30391
8765,29358,31063
8766,29360,30868
8767,29361,30755
8768,29362,31237
8769,29363,30336
8770,29364,31048
8771,29366,31327
8772,29367,30357
8773,29371,31440
8774,29372,31409
8775,29373,30984
8776,29374,31621
8777,29376,31335
8778,29377,30011
8779,29378,31296
8780,29380,31047
8781,29381,30729
8782,29382,31597
8783,29383,30558
8784,29384,30881
8785,29386,30567
8786,29387,30569
8787,29388,30753
8788,29389,30449
8789,29390,30531
8790,29391,31146
8791,29392,29734
8792,29393,30867
8793,29394,30832
8794,29395,30658
8795,29396,30282
8796,29397,30583
8797,29398,30577
8798,29399,30285
8799,29400,30961
8800,29401,30962
8801,29404,30782
8802,29405,30746
8803,29406,30603
8804,29407,30685
8805,29408,30589
8806,29409,30688
8807,29411,29816
8808,29412,30699
8809,29413,30701
8810,29414,30394
8811,29415,30238
8812,29416,30731
8813,29418,31277
8814,29419,31250
8815,29420,29895
8816,29421,30743
8817,29422,30600
8818,29423,30745
8819,29424,31139
8820,29425,30736
8821,29426,30740
8822,29427,30709
8823,29428,30742
8824,29429,29728
8825,29430,29858
8826,29431,31194
8827,29432,30613
8828,29433,30631
8829,29434,31037
8830,29437,30326
8831,29438,31227
8832,29439,31229
8833,29440,29897
8834,29441,29892
8835,29442,31015
8836,29443,31287
8837,29444,31286
8838,29445,30752
8839,29446,30570
8840,29447,30629
8841,29448,30765
8842,29449,30571
8843,29450,30572
8844,29452,31484
8845,29453,30374
8846,29454,31481
8847,29455,30865
8848,29457,30637
8849,29458,29868
8850,29459,30511
8851,29460,30575
8852,29461,30638
8853,29462,30059
8854,29463,31491
8855,29464,30206
8856,29465,30551
8857,29466,30646
8858,29467,29758
8859,29469,30354
8860,29470,30649
8861,29473,31103
8862,29474,30767
8863,29475,30772
8864,29476,31231
8865,29477,31116
8866,29478,30720
8867,29479,30250
8868,29480,30550
8869,29481,30642
8870,29482,30413
8871,29483,30662
8872,29484,30739
8873,29485,31203
8874,29486,31270
8875,29487,31157
8876,29488,30544
8877,29489,30839
8878,29490,30671
8879,29492,30150
8880,29493,30708
8881,29494,30675
8882,29496,30844
8883,29497,31341
8884,29498,30612
8885,29499,30585
8886,29501,31521
8887,29502,31125
8888,29503,30587
8889,29504,30976
8890,29505,30639
8891,29506,31697
8892,29507,31622
8893,29508,30785
8894,29509,30986
8895,29510,30387
8896,29511,30691
8897,29512,30789
8898,29513,30790
8899,29514,30778
8900,29515,30070
8901,29516,31129
8902,29517,30696
8903,29518,30886
8904,29519,29695
8905,29520,30594
8906,29521,30596
8907,29522,30741
8908,29523,30705
8909,29524,30707
8910,29525,30674
8911,29527,31206
8912,29528,30196
8913,29529,30715
8914,29530,30435
8915,29531,30716
8916,29532,30100
8917,29534,31175
8918,29535,31176
8919,29536,30787
8920,29537,30602
8921,29539,31503
8922,29540,30604
8923,29541,30725
8924,29542,31291
8925,29543,31083
8926,29544,30728
8927,29545,30664
8928,29547,30854
8929,29548,30801
8930,29549,30385
8931,29550,30734
8932,29551,30607
8933,29552,30305
8934,29553,30608
8935,29554,30609
8936,29555,30610
8937,29556,30611
8938,29557,29730
8939,29558,31289
8940,29560,30684
8941,29561,30633
8942,29562,30616
8943,29563,31156
8944,29564,30910
8945,29567,30180
8946,29568,30210
8947,29569,30509
8948,29570,31119
8949,29572,31199
8950,29573,30915
8951,29575,30811
8952,29579,30654
8953,29580,30761
8954,29581,30803
8955,29582,30630
8956,29583,30690
8957,29585,31220
8958,29586,30656
8959,29588,31062
8960,29590,30470
8961,29591,30199
8962,29592,30542
8963,29593,30479
8964,29595,30771
8965,29596,30142
8966,29597,30780
8967,29599,31406
8968,29600,30788
8969,29601,30693
8970,29602,30194
8971,29605,30851
8972,29606,30123
8973,29607,30795
8974,29608,30415
8975,29609,30601
8976,29610,30655
8977,29611,31548
8978,29612,30758
8979,29613,30802
8980,29614,30692
8981,29616,30056
8982,29618,30643
8983,29619,30618
8984,29620,31090
8985,29621,30925
8986,29622,30559
8987,29623,30340
8988,29625,31012
8989,29627,30667
8990,29629,31589
8991,29631,31300
8992,29633,30552
8993,29634,30970
8994,29635,31013
8995,29636,30816
8996,29637,31417
8997,29638,31517
8998,29639,31563
8999,29640,30907
9000,29641,30985
9001,29642,31321
9002,29646,30850
9003,29647,31017
9004,29649,30661
9005,29652,31311
9006,29653,30645
9007,29654,30936
9008,29660,31502
9009,29661,31140
9010,29662,30911
9011,29663,31009
9012,29664,31620
9013,29665,31346
9014,29667,30842
9015,29668,30678
9016,29669,30847
9017,29670,30981
9018,29671,31389
9019,29672,30989
9020,29674,31702
9021,29676,31020
9022,29677,30794
9023,29678,30512
9024,29679,31019
9025,29680,30829
9026,29681,30020
9027,29682,31439
9028,29684,30396
9029,29686,30863
9030,29687,30864
9031,29688,30573
9032,29689,30898
9033,29690,30176
9034,29691,31317
9035,29692,30871
9036,29693,30660
9037,29694,30997
9038,29696,30546
9039,29698,30503
9040,29699,30969
9041,29700,30783
9042,29701,31290
9043,29702,30896
9044,29703,30379
9045,29705,30220
9046,29706,31244
9047,29707,31214
9048,29708,30892
9049,29710,31028
9050,29711,30992
9051,29712,30993
9052,29713,31054
9053,29714,30458
9054,29716,31004
9055,29717,31006
9056,29718,31007
9057,29719,30872
9058,29720,31023
9059,29721,30265
9060,29723,30430
9061,29724,31068
9062,29725,30823
9063,29727,31027
9064,29729,31030
9065,29732,31342
9066,29733,31036
9067,29735,30940
9068,29736,30942
9069,29737,30096
9070,29738,31168
9071,29739,30120
9072,29742,30919
9073,29743,31057
9074,29747,30828
9075,29748,30924
9076,29749,30926
9077,29750,30764
9078,29752,30928
9079,29754,30929
9080,29755,31060
9081,29756,31222
9082,29757,30830
9083,29759,31493
9084,29760,30880
9085,29761,30939
9086,29762,31043
9087,29763,31228
9088,29765,31320
9089,29766,31045
9090,29767,31055
9091,29768,30489
9092,29769,30946
9093,29770,31160
9094,29771,31064
9095,29772,31372
9096,29773,31052
9097,29774,31561
9098,29775,30951
9099,29776,30475
9100,29777,30837
9101,29778,31093
9102,29779,30953
9103,29780,31002
9104,29781,30663
9105,29782,30954
9106,29784,30874
9107,29785,31117
9108,29786,30087
9109,29787,31056
9110,29788,30841
9111,29789,30964
9112,29790,30966
9113,29791,30849
9114,29793,31123
9115,29794,31163
9116,29796,31124
9117,29797,30099
9118,29798,30932
9119,29799,31330
9120,29800,31259
9121,29801,31253
9122,29802,30979
9123,29803,31141
9124,29804,30669
9125,29806,30833
9126,29808,31345
9127,29809,31258
9128,29810,31159
9129,29811,30987
9130,29812,30488
9131,29814,31266
9132,29818,30859
9133,29819,30887
9134,29820,30888
9135,29821,30996
9136,29823,30033
9137,29824,31386
9138,29825,30891
9139,29826,31302
9140,29827,31133
9141,29828,31283
9142,29830,30521
9143,29831,30032
9144,29832,30894
9145,29833,30895
9146,29834,30459
9147,29835,31108
9148,29836,30312
9149,29838,31292
9150,29839,31016
9151,29842,30498
9152,29843,30465
9153,29844,30429
9154,29846,31359
9155,29847,31021
9156,29848,30901
9157,29849,30893
9158,29850,31086
9159,29851,31025
9160,29852,31026
9161,29853,30902
9162,29854,30903
9163,29855,31029
9164,29856,31041
9165,29857,30889
9166,29859,31061
9167,29860,30490
9168,29861,31145
9169,29862,31232
9170,29863,30908
9171,29864,30909
9172,29865,31046
9173,29866,31089
9174,29867,31226
9175,29869,30846
9176,29870,31102
9177,29872,30852
9178,29873,30566
9179,29874,30918
9180,29875,30920
9181,29876,31297
9182,29879,31218
9183,29880,30930
9184,29881,30468
9185,29883,31039
9186,29884,31397
9187,29885,30947
9188,29886,30808
9189,29887,31099
9190,29889,30873
9191,29890,30364
9192,29891,30960
9193,29894,30965
9194,29898,31195
9195,29899,30883
9196,29900,30349
9197,29901,30390
9198,29902,30944
9199,29903,31354
9200,29904,31091
9201,29905,31533
9202,29908,31180
9203,29909,31284
9204,29912,30517
9205,29914,31164
9206,29916,30331
9207,29917,30428
9208,29919,30738
9209,29920,31034
9210,29921,31038
9211,29922,30650
9212,29925,31567
9213,29926,30235
9214,29929,31098
9215,29930,30224
9216,29932,31720
9217,29934,31520
9218,29935,31202
9219,29939,31080
9220,29940,31295
9221,29941,30757
9222,29944,31109
9223,29945,30927
9224,29950,31115
9225,29951,30952
9226,29952,31351
9227,29953,31357
9228,29954,30084
9229,29955,30959
9230,29956,31243
9231,29957,31514
9232,29958,31120
9233,29960,31114
9234,29962,30968
9235,29965,31126
9236,29966,30686
9237,29967,30384
9238,29968,31410
9239,29970,31496
9240,29972,30222
9241,29973,31134
9242,29975,31132
9243,29976,31189
9244,29977,31564
9245,29980,31130
9246,29981,31528
9247,29982,31144
9248,29983,30991
9249,29984,31316
9250,29985,30290
9251,29986,30934
9252,29987,31224
9253,29989,31280
9254,29990,31155
9255,29991,31177
9256,29992,30957
9257,29993,31509
9258,29995,30375
9259,29997,31522
9260,29998,30454
9261,29999,30814
9262,30000,31167
9263,30001,31526
9264,30003,31529
9265,30004,31269
9266,30005,30698
9267,30006,31624
9268,30007,31174
9269,30008,31275
9270,30009,30666
9271,30010,31148
9272,30013,30822
9273,30016,31298
9274,30017,31552
9275,30018,31299
9276,30019,31301
9277,30021,31385
9278,30022,31305
9279,30024,31336
9280,30025,31318
9281,30026,30447
9282,30027,31313
9283,30028,30938
9284,30029,30344
9285,30030,30998
9286,30034,31000
9287,30035,30935
9288,30036,30862
9289,30041,31209
9290,30042,31323
9291,30046,31213
9292,30047,31429
9293,30048,31236
9294,30049,30574
9295,30050,31256
9296,30051,31367
9297,30052,30912
9298,30053,31215
9299,30054,31216
9300,30058,31238
9301,30060,31221
9302,30061,31150
9303,30062,31364
9304,30065,31223
9305,30066,31075
9306,30068,31494
9307,30069,30651
9308,30072,30652
9309,30074,31433
9310,30075,31303
9311,30076,31200
9312,30077,30513
9313,30078,30950
9314,30080,31233
9315,30081,31343
9316,30082,30897
9317,30083,31235
9318,30086,30876
9319,30088,30480
9320,30089,31095
9321,30090,31069
9322,30091,31121
9323,30092,31242
9324,30095,30680
9325,30097,30784
9326,30098,30597
9327,30101,30882
9328,30102,30840
9329,30105,31257
9330,30108,30990
9331,30109,31441
9332,30110,31022
9333,30111,31268
9334,30112,31188
9335,30113,31442
9336,30114,31118
9337,30115,31190
9338,30116,31274
9339,30117,31152
9340,30118,30916
9341,30119,30792
9342,30122,30917
9343,30125,31333
9344,30127,31186
9345,30128,31248
9346,30130,31178
9347,30131,31010
9348,30133,30500
9349,30135,31255
9350,30136,30522
9351,30137,31400
9352,30138,31358
9353,30139,31423
9354,30140,31247
9355,30141,30899
9356,30145,31304
9357,30146,31191
9358,30149,31387
9359,30151,31315
9360,30153,31196
9361,30154,31510
9362,30155,31319
9363,30157,30948
9364,30158,30913
9365,30159,31322
9366,30160,30622
9367,30163,31413
9368,30164,31379
9369,30165,31053
9370,30166,31285
9371,30168,31182
9372,30170,30626
9373,30171,30562
9374,30172,31279
9375,30177,30578
9376,30178,31234
9377,30181,31246
9378,30183,31281
9379,30184,30967
9380,30185,31070
9381,30186,30615
9382,30187,31254
9383,30191,31262
9384,30202,31395
9385,30203,31421
9386,30214,31383
9387,30215,31325
9388,30218,30977
9389,30221,31444
9390,30223,30722
9391,30226,31388
9392,30229,31390
9393,30230,31309
9394,30233,31579
9395,30234,30995
9396,30243,31507
9397,30251,31408
9398,30252,30980
9399,30255,31127
9400,30257,31100
9401,30258,31574
9402,30261,31392
9403,30262,30706
9404,30263,31076
9405,30264,31541
9406,30268,31448
9407,30269,31550
9408,30272,31425
9409,30275,31483
9410,30277,31217
9411,30278,31569
9412,30279,31058
9413,30284,30727
9414,30288,31718
9415,30293,30751
9416,30296,30721
9417,30301,30958
9418,30302,31081
9419,30304,31600
9420,30306,31024
9421,30308,31603
9422,30310,31306
9423,30311,31308
9424,30315,30818
9425,30317,31568
9426,30319,31485
9427,30321,30681
9428,30322,31172
9429,30323,31537
9430,30324,30711
9431,30325,31539
9432,30334,31381
9433,30342,30769
9434,30345,31456
9435,30346,31396
9436,30347,31092
9437,30356,30806
9438,30360,30623
9439,30361,31424
9440,30362,31480
9441,30363,31147
9442,30368,30963
9443,30371,31412
9444,30376,31171
9445,30378,31349
9446,30383,30554
9447,30392,31170
9448,30395,31352
9449,30399,31131
9450,30400,31347
9451,30402,31536
9452,30404,31460
9453,30405,30598
9454,30406,30625
9455,30407,31461
9456,30414,30988
9457,30417,30586
9458,30419,31334
9459,30422,31420
9460,30426,31427
9461,30432,31554
9462,30434,31452
9463,30437,31192
9464,30438,30628
9465,30445,30748
9466,30448,31426
9467,30450,31405
9468,30452,31401
9469,30453,31375
9470,30456,31414
9471,30463,31453
9472,30469,30933
9473,30481,31492
9474,30491,31307
9475,30494,31310
9476,30501,30900
9477,30506,31314
9478,30537,31415
9479,30543,30838
9480,30548,31402
9481,30557,31326
9482,30560,31540
9483,30563,31138
9484,30565,31282
9485,30580,30875
9486,30581,30834
9487,30584,31241
9488,30590,31128
9489,30593,31560
9490,30595,31288
9491,30606,31340
9492,30620,31240
9493,30621,31225
9494,30624,31278
9495,30627,31276
9496,30640,31339
9497,30647,31197
9498,30648,31201
9499,30653,31181
9500,30665,31467
9501,30670,31094
9502,30672,31373
9503,30683,30972
9504,30710,31205
9505,30712,31208
9506,30713,31001
9507,30719,31003
9508,30726,31014
9509,30756,31522
9510,30770,31230
9511,30786,31071
9512,30793,31077
9513,30805,31366
9514,30824,31105
9515,30826,31487
9516,30835,31111
9517,30855,31338
9518,30866,31488
9519,30904,31193
9520,30914,31328
9521,30922,31249
9522,30975,31376
9523,31031,31393
9524,31331,31411
9525,29635,31356
9526,29692,31374
9527,29809,31377
9528,29531,31382
9529,30616,31384
9530,30970,31404
9531,31180,31416
9532,29131,31449
9533,30662,31465
9534,31238,31466
9535,30160,31495
9536,29572,31497
9537,29112,31501
9538,28441,31504
9539,29465,31518
9540,31206,31538
9541,31024,31557
9542,28880,31558
9543,29431,31562
9544,31151,31571
9545,30069,31572
9546,29439,31573
9547,30357,31577
9548,29179,31578
9549,30584,31581
9550,28181,31585
9551,29428,31602
9552,30346,31606
9553,29401,31609
9554,30385,31612
9555,30311,31626
9556,31166,31637
9557,29760,31664
9558,31244,31668
9559,29042,31677
9560,29144,31683
9561,29953,31692
9562,30109,31698
9563,29219,31699
9564,31807,32635
9565,31820,32526
9566,31831,34774
9567,31850,34625
9568,31857,33006
9569,31858,32292
9570,31899,32020
9571,31902,32897
9572,31911,33732
9573,31969,32251
9574,31972,33717
9575,31980,34828
9576,32021,33188
9577,32025,35051
9578,32030,32679
9579,32031,32736
9580,32037,32614
9581,32043,34035
9582,32064,33221
9583,32065,32488
9584,32066,35090
9585,32069,32834
9586,32073,33038
9587,32077,35300
9588,32109,32936
9589,32120,32720
9590,32148,32739
9591,32168,32718
9592,32170,35002
9593,32200,32513
9594,32201,34129
9595,32217,33823
9596,32244,32622
9597,32246,34709
9598,32255,33358
9599,32269,32608
9600,32270,34859
9601,32273,32696
9602,32279,35025
9603,32281,33261
9604,32285,32837
9605,32306,32889
9606,32358,34553
9607,32360,35378
9608,32369,34808
9609,32375,35426
9610,32385,32975
9611,32412,34894
9612,32427,34706
9613,32444,34781
9614,32499,33056
9615,32521,32925
9616,32555,34381
9617,32571,34157
9618,32647,33250
9619,32675,34953
9620,32676,33962
9621,32726,35523
9622,32738,35401
9623,32741,34241
9624,32746,35398
9625,32760,35432
9626,32767,34763
9627,32773,35410
9628,32777,35361
9629,32781,34747
9630,32782,33543
9631,32788,33898
9632,32790,34408
9633,32791,34400
9634,32798,35020
9635,32801,33356
9636,32805,35421
9637,32806,34404
9638,32814,34290
9639,32816,34411
9640,32817,35473
9641,32819,34393
9642,32820,35415
9643,32821,35505
9644,32824,35055
9645,32826,34803
9646,32831,33458
9647,32836,34445
9648,32838,35486
9649,32842,33439
9650,32844,34833
9651,32848,33941
9652,32849,35058
9653,32850,35506
9654,32861,35482
9655,32866,33985
9656,32870,35416
9657,32871,35320
9658,32873,35331
9659,32878,35512
9660,32880,34741
9661,32882,35250
9662,32883,34167
9663,32887,35312
9664,32890,35333
9665,32891,35534
9666,32894,33515
9667,32895,35539
9668,32899,33637
9669,32904,33973
9670,32905,34406
9671,32906,34275
9672,32908,34899
9673,32909,34293
9674,32912,35460
9675,32914,34337
9676,32915,34289
9677,32917,34231
9678,32918,34316
9679,32920,34022
9680,32922,34336
9681,32924,34435
9682,32929,34355
9683,32930,35463
9684,32931,35046
9685,32932,34071
9686,32933,35160
9687,32937,35479
9688,32939,34064
9689,32940,33879
9690,32943,34065
9691,32946,34385
9692,32947,34068
9693,32951,33381
9694,32952,34282
9695,32954,34902
9696,32958,34301
9697,32962,35527
9698,32963,33707
9699,32966,33254
9700,32967,34475
9701,32971,34387
9702,32972,33766
9703,32973,35494
9704,32978,35668
9705,32979,35671
9706,32981,35113
9707,32982,34798
9708,32983,34256
9709,32986,34280
9710,32987,34413
9711,32988,34193
9712,32989,34190
9713,32990,34370
9714,32991,34208
9715,32992,35110
9716,32993,33793
9717,32994,35120
9718,32996,34311
9719,32997,34198
9720,32998,34314
9721,32999,35689
9722,33001,34202
9723,33002,34197
9724,33003,34936
9725,33004,33567
9726,33005,35253
9727,33007,34326
9728,33008,35032
9729,33009,35669
9730,33010,34332
9731,33011,34350
9732,33012,35141
9733,33013,34219
9734,33015,35129
9735,33016,34927
9736,33017,34929
9737,33018,34986
9738,33020,34237
9739,33021,35600
9740,33023,34107
9741,33024,34354
9742,33025,33945
9743,33027,34263
9744,33028,35464
9745,33029,34225
9746,33030,34331
9747,33031,34569
9748,33032,34571
9749,33033,33676
9750,33034,35176
9751,33035,34420
9752,33037,34215
9753,33041,34879
9754,33042,35286
9755,33043,33652
9756,33045,34681
9757,33046,34497
9758,33047,34498
9759,33048,34968
9760,33049,34885
9761,33050,34269
9762,33051,34452
9763,33052,34578
9764,33053,34682
9765,33055,34251
9766,33057,34149
9767,33058,34916
9768,33059,34704
9769,33060,34457
9770,33061,34425
9771,33062,34120
9772,33064,34285
9773,33065,34265
9774,33066,35011
9775,33067,35234
9776,33068,35088
9777,33069,34486
9778,33071,34309
9779,33072,35116
9780,33073,34607
9781,33074,34657
9782,33075,34680
9783,33076,34195
9784,33077,34685
9785,33078,34327
9786,33079,34300
9787,33080,34466
9788,33081,34471
9789,33082,35502
9790,33083,33727
9791,33084,34511
9792,33085,34304
9793,33086,34914
9794,33087,34915
9795,33089,34126
9796,33091,34210
9797,33092,35223
9798,33093,34310
9799,33095,34430
9800,33096,34431
9801,33097,34315
9802,33098,34739
9803,33099,34318
9804,33100,35606
9805,33101,34329
9806,33102,34854
9807,33103,34855
9808,33104,34102
9809,33106,33861
9810,33107,34507
9811,33108,34937
9812,33109,34717
9813,33110,34027
9814,33112,34131
9815,33114,35422
9816,33115,34334
9817,33117,34322
9818,33118,35619
9819,33119,34299
9820,33120,33594
9821,33121,34942
9822,33122,34881
9823,33123,34206
9824,33124,34344
9825,33125,34209
9826,33126,34236
9827,33127,35625
9828,33128,34212
9829,33129,35033
9830,33130,34325
9831,33131,34312
9832,33132,34213
9833,33133,35274
9834,33134,35188
9835,33135,34534
9836,33136,34689
9837,33137,35142
9838,33138,34536
9839,33139,35695
9840,33142,34244
9841,33143,34734
9842,33144,35194
9843,33145,34670
9844,33146,34570
9845,33147,34568
9846,33148,34585
9847,33149,34450
9848,33150,34610
9849,33151,35522
9850,33152,34687
9851,33153,34388
9852,33154,34554
9853,33157,34603
9854,33158,34695
9855,33159,34871
9856,33160,35004
9857,33161,35038
9858,33163,34699
9859,33164,35001
9860,33165,34432
9861,33169,34676
9862,33170,33797
9863,33171,35199
9864,33172,34392
9865,33173,34412
9866,33174,34777
9867,33176,33986
9868,33177,34426
9869,33180,35015
9870,33183,34667
9871,33186,34512
9872,33187,34401
9873,33189,33956
9874,33190,34373
9875,33191,34402
9876,33192,35008
9877,33193,35022
9878,33194,34075
9879,33195,34396
9880,33197,34517
9881,33198,35027
9882,33199,35028
9883,33200,34957
9884,33201,34862
9885,33202,34524
9886,33203,34211
9887,33205,34353
9888,33206,34437
9889,33207,34483
9890,33208,34549
9891,33210,34115
9892,33211,34683
9893,33212,34296
9894,33216,34875
9895,33217,35515
9896,33218,35526
9897,33220,34455
9898,33222,34451
9899,33223,34438
9900,33224,34440
9901,33225,34441
9902,33226,34478
9903,33227,34246
9904,33230,34252
9905,33232,35063
9906,33233,34674
9907,33234,33992
9908,33235,34423
9909,33236,34589
9910,33237,33971
9911,33239,34151
9912,33240,34278
9913,33241,34616
9914,33243,34460
9915,33244,34461
9916,33246,34615
9917,33247,34467
9918,33248,34307
9919,33249,34686
9920,33252,34633
9921,33253,34640
9922,33256,35256
9923,33258,34520
9924,33259,34081
9925,33263,34286
9926,33264,34669
9927,33265,33936
9928,33266,34465
9929,33267,35394
9930,33268,34418
9931,33269,34552
9932,33270,34675
9933,33271,34428
9934,33272,34794
9935,33273,34679
9936,33275,34379
9937,33276,34380
9938,33277,34725
9939,33278,34500
9940,33279,35112
9941,33281,35195
9942,33282,34391
9943,33283,34422
9944,33284,35200
9945,33285,34016
9946,33286,34809
9947,33287,35085
9948,33288,34605
9949,33289,34708
9950,33290,33987
9951,33291,34802
9952,33292,33887
9953,33293,34510
9954,33294,34726
9955,33295,34628
9956,33296,35319
9957,33297,33593
9958,33298,34630
9959,33299,35123
9960,33300,34559
9961,33301,35560
9962,33302,34663
9963,33303,34641
9964,33305,34721
9965,33306,34634
9966,33307,34519
9967,33308,35245
9968,33309,35247
9969,33310,34521
9970,33311,34688
9971,33312,35138
9972,33313,34660
9973,33315,34200
9974,33316,34664
9975,33317,34840
9976,33318,34666
9977,33319,35336
9978,33320,34597
9979,33321,35299
9980,33322,34621
9981,33323,34620
9982,33324,35238
9983,33325,35291
9984,33326,34773
9985,33327,34820
9986,33328,35193
9987,33330,34841
9988,33331,34911
9989,33332,34550
9990,33333,34691
9991,33334,34757
9992,33335,34484
9993,33336,34485
9994,33337,33805
9995,33339,34556
9996,33340,34954
9997,33341,34487
9998,33342,34561
9999,33343,34442
10000,33344,34864
10001,33345,34182
10002,33346,34613
10003,33347,33731
10004,33348,34867
10005,33349,33954
10006,33350,35220
10007,33352,34448
10008,33353,34976
10009,33354,33646
10010,33355,35062
10011,33357,34658
10012,33359,35106
10013,33360,35149
10014,33362,34880
10015,33363,34262
10016,33364,34583
10017,33365,34542
10018,33366,34981
10019,33367,35185
10020,33368,34004
10021,33369,34588
10022,33370,34756
10023,33371,34453
10024,33372,34758
10025,33373,34592
10026,33374,35111
10027,33375,34594
10028,33376,34502
10029,33378,34801
10030,33379,34541
10031,33380,35317
10032,33382,34764
10033,33383,35308
10034,33384,34599
10035,33385,33784
10036,33386,34600
10037,33388,34737
10038,33389,34900
10039,33390,35034
10040,33391,34506
10041,33392,34606
10042,33394,34608
10043,33395,34609
10044,33396,33991
10045,33397,34987
10046,33398,34611
10047,33399,34509
10048,33401,34765
10049,33402,34618
10050,33403,34673
10051,33404,34001
10052,33405,34305
10053,33406,34516
10054,33407,34515
10055,33408,34716
10056,33409,34529
10057,33410,34776
10058,33411,35229
10059,33412,34504
10060,33413,34514
10061,33414,34710
10062,33415,34718
10063,33416,34525
10064,33417,35125
10065,33418,34433
10066,33419,35620
10067,33421,34642
10068,33422,34643
10069,33423,34644
10070,33424,34623
10071,33425,34025
10072,33426,35153
10073,33427,35154
10074,33428,34434
10075,33429,35327
10076,33430,34908
10077,33431,33744
10078,33432,33787
10079,33433,35260
10080,33435,34342
10081,33436,34343
10082,33437,34345
10083,33438,34040
10084,33440,34656
10085,33442,34526
10086,33443,34703
10087,33444,34527
10088,33445,34528
10089,33446,34665
10090,33447,34964
10091,33449,35181
10092,33450,35089
10093,33451,35277
10094,33452,34651
10095,33453,34980
10096,33454,34970
10097,33455,34672
10098,33456,34788
10099,33457,35283
10100,33459,34176
10101,33460,34812
10102,33461,35285
10103,33462,34677
10104,33463,33750
10105,33464,34858
10106,33465,35148
10107,33466,34454
10108,33467,34887
10109,33468,34869
10110,33469,34917
10111,33470,35261
10112,33471,34966
10113,33472,34843
10114,33473,34847
10115,33474,34690
10116,33475,33939
10117,33477,35305
10118,33479,35177
10119,33480,34619
10120,33481,35366
10121,33482,34407
10122,33483,34584
10123,33484,35549
10124,33486,34724
10125,33487,34822
10126,33488,34898
10127,33489,34288
10128,33493,34376
10129,33494,34713
10130,33495,34714
10131,33496,35316
10132,33497,34098
10133,33498,34538
10134,33499,34103
10135,33500,34104
10136,33502,34029
10137,33504,34427
10138,33505,35347
10139,33508,34397
10140,33509,33803
10141,33510,35115
10142,33511,34732
10143,33512,33708
10144,33513,34551
10145,33514,35334
10146,33520,35044
10147,33521,34989
10148,33526,34740
10149,33527,33824
10150,33530,34650
10151,33536,34791
10152,33539,34563
10153,33540,33950
10154,33541,35171
10155,33542,34364
10156,33544,34365
10157,33545,34754
10158,33546,34766
10159,33547,34882
10160,33548,34886
10161,33549,34590
10162,33550,34368
10163,33551,34595
10164,33557,34771
10165,33558,34910
10166,33559,34302
10167,33560,34604
10168,33562,34821
10169,33563,34991
10170,33564,34735
10171,33565,34933
10172,33566,35039
10173,33568,34742
10174,33570,35068
10175,33571,34783
10176,33573,34787
10177,33575,34923
10178,33577,35159
10179,33578,34489
10180,33579,33847
10181,33580,34473
10182,33581,34492
10183,33582,34985
10184,33584,34804
10185,33585,34941
10186,33586,34503
10187,33587,34893
10188,33588,35206
10189,33589,34091
10190,33590,34800
10191,33591,34291
10192,33592,34969
10193,33596,34906
10194,33597,34973
10195,33598,34913
10196,33599,34499
10197,33600,34890
10198,33601,34972
10199,33602,34719
10200,33603,34940
10201,33604,34935
10202,33605,34259
10203,33606,34943
10204,33607,34948
10205,33608,34832
10206,33609,35428
10207,33610,34836
10208,33611,34077
10209,33612,34961
10210,33613,34795
10211,33614,34963
10212,33615,34921
10213,33616,34530
10214,33617,34883
10215,33618,34889
10216,33619,34926
10217,33620,35306
10218,33621,34531
10219,33622,34977
10220,33623,34982
10221,33624,34984
10222,33625,35009
10223,33626,34028
10224,33627,33988
10225,33628,34548
10226,33629,34857
10227,33630,34888
10228,33632,34692
10229,33633,34768
10230,33634,35459
10231,33635,34861
10232,33636,34779
10233,33638,34750
10234,33639,34793
10235,33640,34565
10236,33641,34946
10237,33642,35288
10238,33643,35267
10239,33644,35289
10240,33645,34996
10241,33647,35345
10242,33648,34576
10243,33649,34877
10244,33650,35290
10245,33651,34580
10246,33654,35184
10247,33655,34865
10248,33656,34753
10249,33657,35418
10250,33659,35043
10251,33660,34806
10252,33661,34807
10253,33662,34761
10254,33663,34031
10255,33664,34848
10256,33665,35010
10257,33666,35041
10258,33667,34013
10259,33668,35071
10260,33669,34635
10261,33670,34896
10262,33671,34897
10263,33672,35204
10264,33673,34626
10265,33674,34956
10266,33675,34767
10267,33677,34831
10268,33678,35014
10269,33679,35127
10270,33680,35213
10271,33681,35296
10272,33682,35075
10273,33683,34297
10274,33684,34909
10275,33685,35594
10276,33686,35076
10277,33687,35497
10278,33688,35457
10279,33689,34816
10280,33690,34558
10281,33691,34856
10282,33692,34934
10283,33693,34729
10284,33694,34582
10285,33695,35037
10286,33696,34258
10287,33697,34627
10288,33698,35507
10289,33699,34505
10290,33700,34919
10291,33701,34827
10292,33703,34922
10293,33705,34825
10294,33706,33933
10295,33709,34938
10296,33710,34939
10297,33711,34074
10298,33712,34818
10299,33713,34829
10300,33714,34622
10301,33715,34474
10302,33716,34958
10303,33718,35692
10304,33719,34952
10305,33721,35136
10306,33722,34955
10307,33723,34834
10308,33724,34555
10309,33725,34060
10310,33726,35528
10311,33728,34705
10312,33729,34659
10313,33730,34838
10314,33734,34951
10315,33735,34830
10316,33736,34547
10317,33737,34573
10318,33739,34819
10319,33740,34971
10320,33741,34823
10321,33742,34824
10322,33743,34845
10323,33745,35284
10324,33746,34974
10325,33747,35094
10326,33748,35000
10327,33749,34790
10328,33751,34960
10329,33752,35172
10330,33753,35180
10331,33754,34851
10332,33755,35186
10333,33756,35065
10334,33757,35189
10335,33758,35190
10336,33759,35049
10337,33762,35082
10338,33764,34853
10339,33765,35386
10340,33767,35059
10341,33768,35006
10342,33769,34993
10343,33771,34696
10344,33772,34662
10345,33774,34698
10346,33775,34403
10347,33776,34306
10348,33778,34701
10349,33781,34352
10350,33782,34749
10351,33783,35012
10352,33789,35080
10353,33790,34712
10354,33791,34399
10355,33792,35078
10356,33794,34925
10357,33795,34930
10358,33798,34965
10359,33799,34700
10360,33802,34728
10361,33806,34109
10362,33808,35036
10363,33809,34359
10364,33810,34360
10365,33811,34652
10366,33812,35173
10367,33814,34815
10368,33818,34575
10369,33819,35297
10370,33822,34537
10371,33825,34596
10372,33826,35351
10373,33827,34238
10374,33829,35091
10375,33830,34863
10376,33831,35081
10377,33832,34377
10378,33833,34266
10379,33835,34249
10380,33836,34378
10381,33837,34872
10382,33838,34273
10383,33840,34901
10384,33841,34992
10385,33842,35298
10386,33843,34019
10387,33844,34891
10388,33845,35302
10389,33846,35198
10390,33849,35072
10391,33850,35073
10392,33851,34944
10393,33852,34295
10394,33853,35066
10395,33854,34860
10396,33856,35098
10397,33857,35228
10398,33859,35019
10399,33862,35131
10400,33863,35362
10401,33865,35524
10402,33866,34720
10403,33867,35084
10404,33868,35099
10405,33870,35348
10406,33871,34671
10407,33872,35280
10408,33873,34093
10409,33874,35067
10410,33875,35157
10411,33876,35158
10412,33877,34181
10413,33878,35170
10414,33880,34382
10415,33881,35246
10416,33882,35209
10417,33883,34586
10418,33884,35243
10419,33885,34587
10420,33886,34189
10421,33888,35201
10422,33889,35295
10423,33890,35239
10424,33891,35411
10425,33892,34560
10426,33893,35109
10427,33894,34496
10428,33895,35279
10429,33896,34398
10430,33899,34631
10431,33900,35230
10432,33901,34799
10433,33902,35236
10434,33903,35231
10435,33904,35242
10436,33906,35212
10437,33907,35128
10438,33908,34205
10439,33909,35130
10440,33910,35227
10441,33913,35255
10442,33914,35211
10443,33916,35134
10444,33917,35262
10445,33918,35140
10446,33919,35139
10447,33920,35273
10448,33921,34214
10449,33922,34414
10450,33923,35281
10451,33924,35337
10452,33925,34416
10453,33926,35165
10454,33927,34874
10455,33928,34876
10456,33929,34579
10457,33930,34581
10458,33932,35216
10459,33934,34207
10460,33935,35430
10461,33937,35095
10462,33938,35096
10463,33942,35207
10464,33943,35163
10465,33944,35145
10466,33946,34488
10467,33947,34495
10468,33948,34248
10469,33949,35169
10470,33951,35192
10471,33952,35252
10472,33953,34751
10473,33955,34796
10474,33957,35175
10475,33958,34349
10476,33959,34849
10477,33960,34254
10478,33961,34850
10479,33963,35124
10480,33964,35104
10481,33965,35358
10482,33966,35182
10483,33967,35132
10484,33969,35187
10485,33970,34271
10486,33972,35133
10487,33974,35218
10488,33975,34277
10489,33976,35168
10490,33977,35294
10491,33978,35490
10492,33979,35197
10493,33980,35409
10494,33981,35202
10495,33982,35203
10496,33984,35555
10497,33990,34707
10498,33993,35117
10499,33995,35259
10500,33996,35214
10501,33997,35381
10502,33999,35244
10503,34000,35151
10504,34002,35118
10505,34003,35219
10506,34006,34990
10507,34007,34308
10508,34008,35224
10509,34009,35225
10510,34010,35079
10511,34011,35121
10512,34012,34513
10513,34014,35232
10514,34015,34873
10515,34017,35235
10516,34018,35586
10517,34021,35050
10518,34023,35241
10519,34024,35126
10520,34026,35248
10521,34030,35249
10522,34032,35254
10523,34033,34577
10524,34034,34826
10525,34037,35162
10526,34038,34557
10527,34039,35263
10528,34041,35266
10529,34042,35137
10530,34043,35269
10531,34044,35271
10532,34045,35272
10533,34046,35135
10534,34047,35122
10535,34048,34842
10536,34050,35500
10537,34052,34817
10538,34053,35183
10539,34054,35376
10540,34055,35143
10541,34056,35101
10542,34057,35301
10543,34058,34417
10544,34059,35265
10545,34061,35380
10546,34062,34846
10547,34063,35144
10548,34066,34493
10549,34067,34494
10550,34069,35407
10551,34070,35342
10552,34072,35311
10553,34073,35355
10554,34079,34792
10555,34083,34870
10556,34084,34998
10557,34086,35105
10558,34088,34743
10559,34089,34892
10560,34090,34601
10561,34092,34844
10562,34094,35330
10563,34095,35217
10564,34096,35315
10565,34097,34975
10566,34100,35119
10567,34105,34722
10568,34106,35329
10569,34108,35053
10570,34110,34868
10571,34112,35108
10572,34113,35350
10573,34116,34655
10574,34119,35293
10575,34122,35310
10576,34124,35559
10577,34125,34711
10578,34128,35018
10579,34130,35382
10580,34132,35251
10581,34134,34697
10582,34135,35387
10583,34138,35057
10584,34139,35349
10585,34140,35352
10586,34141,35464
10587,34143,34997
10588,34144,34449
10589,34145,35258
10590,34146,35562
10591,34148,35268
10592,34150,35483
10593,34152,35222
10594,34154,35045
10595,34156,35074
10596,34158,35371
10597,34159,35501
10598,34161,35077
10599,34162,35379
10600,34163,34636
10601,34164,35688
10602,34165,35083
10603,34166,35385
10604,34168,35257
10605,34169,35388
10606,34170,35392
10607,34171,35264
10608,34173,35535
10609,34174,35344
10610,34177,35510
10611,34178,35541
10612,34180,35097
10613,34183,35550
10614,34185,35404
10615,34186,35475
10616,34187,34920
10617,34191,35676
10618,34192,35013
10619,34194,35282
10620,34199,35322
10621,34201,34649
10622,34203,34646
10623,34204,34647
10624,34216,34567
10625,34217,35335
10626,34218,35536
10627,34220,35537
10628,34221,35529
10629,34222,35532
10630,34223,35433
10631,34224,35462
10632,34226,35472
10633,34227,35470
10634,34228,34593
10635,34229,35489
10636,34230,35504
10637,34232,35513
10638,34233,35540
10639,34234,34648
10640,34239,35397
10641,34242,35461
10642,34243,35384
10643,34245,35450
10644,34247,35412
10645,34253,35443
10646,34255,35438
10647,34257,34878
10648,34260,35357
10649,34264,35445
10650,34267,35405
10651,34268,35164
10652,34272,34805
10653,34276,35363
10654,34279,35444
10655,34281,35307
10656,34283,34950
10657,34284,35367
10658,34287,35495
10659,34292,35375
10660,34294,35499
10661,34298,35468
10662,34303,34912
10663,34313,35377
10664,34317,35321
10665,34319,35511
10666,34320,35449
10667,34321,34544
10668,34323,34639
10669,34324,34931
10670,34328,34501
10671,34330,34546
10672,34333,35240
10673,34335,35017
10674,34340,34518
10675,34341,35488
10676,34346,35031
10677,34347,34566
10678,34348,35021
10679,34351,35035
10680,34356,35427
10681,34357,35424
10682,34358,35538
10683,34361,35478
10684,34363,34835
10685,34366,34786
10686,34367,34884
10687,34371,35368
10688,34372,34918
10689,34374,34945
10690,34395,35369
10691,34405,35024
10692,34410,34837
10693,34424,34852
10694,34439,35678
10695,34446,35102
10696,34458,35554
10697,34459,35492
10698,34462,35210
10699,34464,35166
10700,34470,35233
10701,34472,34733
10702,34477,35029
10703,34479,35324
10704,34480,35161
10705,34490,34866
10706,34491,35304
10707,34508,35413
10708,34522,34730
10709,34523,35208
10710,34532,34967
10711,34535,35278
10712,34539,35179
10713,34540,35287
10714,34543,35237
10715,34545,35178
10716,34562,35150
10717,34564,35339
10718,34572,35061
10719,34574,35146
10720,34598,35070
10721,34629,35226
10722,34637,35152
10723,34645,35221
10724,34653,35338
10725,34654,35030
10726,34661,34903
10727,34678,35155
10728,34693,34995
10729,34770,35313
10730,34775,35326
10731,34778,34928
10732,34780,35521
10733,34782,34949
10734,34797,35174
10735,34813,35215
10736,34814,35314
10737,34895,35577
10738,34904,35309
10739,34947,35093
10740,34959,35389
10741,34962,35318
10742,35325,35519
10743,33604,35341
10744,32914,35343
10745,34863,35354
10746,34448,35356
10747,34293,35359
10748,34901,35360
10749,33240,35364
10750,32991,35374
10751,33001,35383
10752,33403,35393
10753,34143,35400
10754,33165,35419
10755,35279,35429
10756,34024,35451
10757,35299,35474
10758,33754,35477
10759,33661,35485
10760,34149,35487
10761,33851,35498
10762,33299,35509
10763,33426,35518
10764,32816,35530
10765,34853,35545
10766,34581,35546
10767,34028,35563
10768,34687,35568
10769,35338,35569
10770,34838,35570
10771,35000,35573
10772,35357,35574
10773,33143,35584
10774,33120,35585
10775,33169,35588
10776,33976,35590
10777,35489,35612
10778,35444,35632
10779,35088,35643
10780,34800,35644
10781,34770,35646
10782,33811,35655
10783,35468,35672
10784,34413,35679
10785,33072,35680
10786,34309,35699
10787,33987,35700
10788,35735,36934
10789,35772,36727
10790,35773,36728
10791,35778,36093
10792,35785,37586
10793,35793,36789
10794,35833,38108
10795,35845,37854
10796,35846,36120
10797,35905,36112
10798,35911,36133
10799,35953,38159
10800,35956,36121
10801,35987,38177
10802,35991,36987
10803,35998,38521
10804,36010,39043
10805,36021,37415
10806,36027,37024
10807,36031,37025
10808,36047,38465
10809,36060,39056
10810,36062,38747
10811,36073,36822
10812,36078,39081
10813,36105,36945
10814,36109,39280
10815,36114,39420
10816,36117,38749
10817,36131,38015
10818,36146,38676
10819,36148,39425
10820,36165,38599
10821,36195,38900
10822,36244,38760
10823,36245,37170
10824,36280,36486
10825,36297,37140
10826,36301,38235
10827,36310,38994
10828,36312,37073
10829,36329,38655
10830,36336,38427
10831,36338,39087
10832,36345,36962
10833,36347,37398
10834,36348,36792
10835,36361,37601
10836,36363,38182
10837,36384,36844
10838,36389,38127
10839,36414,38703
10840,36432,37770
10841,36450,36996
10842,36458,38349
10843,36510,39335
10844,36537,39441
10845,36562,38613
10846,36569,39074
10847,36584,37760
10848,36591,39388
10849,36594,38456
10850,36599,37811
10851,36611,37530
10852,36612,38143
10853,36653,39281
10854,36679,39370
10855,36685,39363
10856,36688,37193
10857,36692,39368
10858,36696,37251
10859,36794,39219
10860,36803,38439
10861,36805,38447
10862,36823,38453
10863,36851,38837
10864,36857,38158
10865,36871,39055
10866,36873,39343
10867,36876,38001
10868,36880,39442
10869,36881,39349
10870,36883,39565
10871,36884,38794
10872,36887,39507
10873,36892,38648
10874,36893,39450
10875,36894,39361
10876,36895,37407
10877,36896,39358
10878,36900,39273
10879,36902,38164
10880,36903,38881
10881,36906,38131
10882,36910,39133
10883,36912,38934
10884,36913,39465
10885,36914,39304
10886,36918,39160
10887,36919,39468
10888,36921,38446
10889,36922,38391
10890,36923,39344
10891,36928,38937
10892,36930,39152
10893,36931,38115
10894,36932,38310
10895,36933,37632
10896,36936,39250
10897,36937,37749
10898,36938,39737
10899,36941,39079
10900,36942,39311
10901,36943,39241
10902,36946,39730
10903,36948,39505
10904,36949,39587
10905,36950,39090
10906,36952,38705
10907,36954,39499
10908,36956,38121
10909,36959,38302
10910,36960,37571
10911,36961,39520
10912,36964,39522
10913,36965,38013
10914,36972,38735
10915,36974,38035
10916,36975,39538
10917,36976,38329
10918,36982,39158
10919,36984,39585
10920,36985,39145
10921,36986,38346
10922,36988,39556
10923,36991,38141
10924,36992,38492
10925,36994,38350
10926,37002,39745
10927,37003,38836
10928,37004,39171
10929,37007,38206
10930,37011,39756
10931,37012,38515
10932,37013,38835
10933,37014,39224
10934,37015,38284
10935,37016,38763
10936,37018,38529
10937,37021,38533
10938,37022,39243
10939,37023,39151
10940,37026,38543
10941,37028,38345
10942,37029,38347
10943,37030,39285
10944,37031,38386
10945,37033,39176
10946,37034,39750
10947,37035,38309
10948,37036,38387
10949,37037,38744
10950,37038,39754
10951,37039,38406
10952,37040,38252
10953,37041,38471
10954,37042,38509
10955,37043,37859
10956,37046,38969
10957,37047,38971
10958,37049,38776
10959,37050,38272
10960,37051,38719
10961,37053,38135
10962,37054,38897
10963,37055,38277
10964,37056,38899
10965,37059,38901
10966,37060,39204
10967,37061,39665
10968,37062,39169
10969,37064,38220
10970,37065,38285
10971,37066,38722
10972,37068,38290
10973,37069,38175
10974,37070,39132
10975,37071,38475
10976,37074,38603
10977,37075,39518
10978,37076,38463
10979,37077,38424
10980,37078,38382
10981,37079,38425
10982,37080,38762
10983,37081,38006
10984,37082,39521
10985,37083,38227
10986,37084,38183
10987,37086,39325
10988,37087,38253
10989,37088,38273
10990,37090,39139
10991,37091,38926
10992,37093,38844
10993,37094,38318
10994,37095,38224
10995,37096,38355
10996,37098,38320
10997,37101,38321
10998,37102,38871
10999,37104,38582
11000,37105,39328
11001,37106,39412
11002,37107,38237
11003,37108,38946
11004,37109,38291
11005,37110,38352
11006,37111,38800
11007,37112,38482
11008,37113,38330
11009,37114,39417
11010,37115,37868
11011,37117,38040
11012,37120,38436
11013,37121,37568
11014,37122,39154
11015,37123,38956
11016,37124,38241
11017,37125,38544
11018,37126,38441
11019,37127,38968
11020,37128,38883
11021,37130,38885
11022,37131,39269
11023,37132,38383
11024,37133,38714
11025,37134,38061
11026,37135,38044
11027,37137,39251
11028,37138,39331
11029,37139,38242
11030,37141,38852
11031,37142,38255
11032,37144,39166
11033,37145,38369
11034,37147,39692
11035,37148,38249
11036,37149,38376
11037,37150,38078
11038,37151,38381
11039,37152,38773
11040,37153,38024
11041,37154,38384
11042,37155,39690
11043,37156,38558
11044,37157,38454
11045,37158,39691
11046,37159,39172
11047,37160,38031
11048,37161,38695
11049,37162,38211
11050,37163,38754
11051,37164,39006
11052,37165,38270
11053,37166,38098
11054,37167,38567
11055,37168,38702
11056,37169,38353
11057,37172,38606
11058,37173,38639
11059,37175,38385
11060,37176,38489
11061,37178,38074
11062,37180,38451
11063,37181,38596
11064,37184,38283
11065,37185,38595
11066,37187,38723
11067,37188,38419
11068,37190,38165
11069,37191,39036
11070,37194,38303
11071,37195,39258
11072,37197,39214
11073,37198,38733
11074,37199,38432
11075,37200,39604
11076,37202,38940
11077,37204,39026
11078,37207,38336
11079,37208,38413
11080,37209,37938
11081,37210,38338
11082,37211,39355
11083,37214,38442
11084,37215,37947
11085,37216,39054
11086,37217,38977
11087,37218,39319
11088,37219,38980
11089,37220,37646
11090,37221,38448
11091,37222,38449
11092,37223,38688
11093,37224,38388
11094,37225,39193
11095,37226,38753
11096,37227,38698
11097,37228,38873
11098,37229,37967
11099,37230,38756
11100,37231,38417
11101,37232,38757
11102,37233,39396
11103,37236,37345
11104,37237,38621
11105,37240,38634
11106,37243,38715
11107,37244,39360
11108,37247,39282
11109,37250,39000
11110,37254,37975
11111,37255,38502
11112,37256,38473
11113,37257,38585
11114,37260,38478
11115,37262,38305
11116,37263,38225
11117,37264,38919
11118,37265,38614
11119,37266,38616
11120,37267,38314
11121,37268,38656
11122,37269,38483
11123,37270,39336
11124,37271,38434
11125,37274,38340
11126,37275,39329
11127,37276,38485
11128,37277,38638
11129,37278,38896
11130,37279,39071
11131,37281,38161
11132,37282,38663
11133,37283,38493
11134,37284,37982
11135,37286,38906
11136,37287,38469
11137,37288,38680
11138,37289,38503
11139,37291,38506
11140,37292,38697
11141,37293,38491
11142,37294,37852
11143,37295,38782
11144,37297,38579
11145,37298,38917
11146,37299,38706
11147,37300,38615
11148,37301,37996
11149,37302,39092
11150,37304,38004
11151,37305,38095
11152,37306,39271
11153,37307,39138
11154,37308,38842
11155,37309,38847
11156,37310,38701
11157,37311,38531
11158,37312,37934
11159,37314,38034
11160,37315,39020
11161,37316,38713
11162,37317,38949
11163,37318,38337
11164,37319,39153
11165,37320,38854
11166,37321,39309
11167,37322,38652
11168,37323,39173
11169,37324,38654
11170,37325,38494
11171,37326,39272
11172,37327,38360
11173,37328,38361
11174,37329,38671
11175,37330,38371
11176,37331,38677
11177,37332,38748
11178,37333,39292
11179,37334,38087
11180,37335,38684
11181,37336,38598
11182,37337,38687
11183,37338,38207
11184,37339,38689
11185,37340,38700
11186,37341,38888
11187,37342,38694
11188,37343,38716
11189,37344,39327
11190,37346,38619
11191,37347,38643
11192,37348,39322
11193,37349,39267
11194,37350,39283
11195,37351,38681
11196,37352,38690
11197,37353,38578
11198,37354,38665
11199,37355,38510
11200,37356,38514
11201,37357,38720
11202,37358,39197
11203,37359,37804
11204,37360,38480
11205,37361,38736
11206,37362,38583
11207,37363,38584
11208,37364,38134
11209,37365,38568
11210,37366,38780
11211,37367,39307
11212,37368,38637
11213,37369,38474
11214,37371,38827
11215,37372,38591
11216,37373,38783
11217,37374,38548
11218,37375,38070
11219,37376,39005
11220,37377,39210
11221,37378,39031
11222,37379,38289
11223,37380,38725
11224,37381,38488
11225,37382,37690
11226,37383,39513
11227,37384,39035
11228,37385,39134
11229,37386,39249
11230,37387,38785
11231,37389,38317
11232,37390,39037
11233,37391,38530
11234,37392,38914
11235,37393,38824
11236,37394,39046
11237,37395,39647
11238,37396,39137
11239,37397,39231
11240,37399,38574
11241,37400,38527
11242,37401,38764
11243,37402,39041
11244,37403,38374
11245,37404,38622
11246,37405,38624
11247,37406,39099
11248,37408,38481
11249,37409,38629
11250,37411,39220
11251,37414,38799
11252,37416,38036
11253,37417,38556
11254,37418,38848
11255,37419,39194
11256,37421,38487
11257,37422,38394
11258,37423,38573
11259,37424,38232
11260,37425,38646
11261,37427,38686
11262,37428,38924
11263,37429,38559
11264,37430,38833
11265,37431,38540
11266,37432,38657
11267,37433,39097
11268,37434,38198
11269,37435,38659
11270,37436,38660
11271,37437,38670
11272,37438,38801
11273,37439,39189
11274,37440,38645
11275,37441,39240
11276,37442,38244
11277,37443,38226
11278,37444,38976
11279,37445,38139
11280,37446,37985
11281,37447,39159
11282,37448,39191
11283,37449,38525
11284,37450,38769
11285,37451,39568
11286,37452,38496
11287,37453,37965
11288,37454,38412
11289,37455,38077
11290,37456,38250
11291,37457,38500
11292,37458,38711
11293,37459,38626
11294,37460,38597
11295,37463,39293
11296,37464,38685
11297,37465,38557
11298,37466,38752
11299,37467,38593
11300,37468,38869
11301,37469,38704
11302,37470,38653
11303,37471,38840
11304,37472,38692
11305,37473,38978
11306,37474,38339
11307,37475,38623
11308,37476,38699
11309,37477,38560
11310,37478,38398
11311,37479,37943
11312,37480,38808
11313,37481,38399
11314,37482,39011
11315,37483,38823
11316,37484,37679
11317,37485,39183
11318,37486,38464
11319,37487,39187
11320,37488,38789
11321,37489,39024
11322,37490,38552
11323,37491,38636
11324,37492,38547
11325,37493,38154
11326,37495,38892
11327,37496,38414
11328,37497,38607
11329,37499,38721
11330,37502,39216
11331,37503,38519
11332,37506,38918
11333,37507,38308
11334,37508,38730
11335,37509,38430
11336,37510,38734
11337,37511,38625
11338,37512,38230
11339,37513,38201
11340,37514,38943
11341,37516,38727
11342,37517,38751
11343,37518,38738
11344,37519,38423
11345,37520,38954
11346,37521,38740
11347,37522,38532
11348,37524,38359
11349,37525,38063
11350,37526,38140
11351,37527,38550
11352,37528,38737
11353,37529,38958
11354,37531,38718
11355,37532,38554
11356,37533,38750
11357,37535,38957
11358,37536,38562
11359,37537,38724
11360,37538,38208
11361,37539,38743
11362,37540,38457
11363,37541,38458
11364,37542,38459
11365,37543,38587
11366,37545,38618
11367,37548,38609
11368,37549,39409
11369,37551,37860
11370,37552,38633
11371,37554,39072
11372,37555,38930
11373,37556,38546
11374,37557,38675
11375,37559,39334
11376,37560,38819
11377,37562,38566
11378,37563,38460
11379,37564,38781
11380,37565,38185
11381,37566,38403
11382,37567,38422
11383,37569,38910
11384,37570,38405
11385,37572,38915
11386,37573,38610
11387,37574,38428
11388,37575,38810
11389,37576,38932
11390,37577,38775
11391,37578,38795
11392,37579,38627
11393,37580,38192
11394,37581,38786
11395,37582,38215
11396,37583,39416
11397,37584,39503
11398,37585,38802
11399,37589,38806
11400,37590,38964
11401,37592,38809
11402,37593,39276
11403,37595,38307
11404,37596,38378
11405,37597,38772
11406,37598,38818
11407,37599,38779
11408,37600,38865
11409,37602,39624
11410,37603,38959
11411,37604,38922
11412,37606,39255
11413,37607,38729
11414,37609,38418
11415,37610,39001
11416,37611,37962
11417,37613,38513
11418,37614,38517
11419,37615,38908
11420,37616,38650
11421,37617,38477
11422,37618,39017
11423,37619,38839
11424,37621,38524
11425,37622,38921
11426,37623,38955
11427,37624,38561
11428,37625,38512
11429,37626,39317
11430,37627,39275
11431,37628,38797
11432,37629,38630
11433,37630,38941
11434,37631,38537
11435,37633,38945
11436,37634,38947
11437,37635,38960
11438,37636,38642
11439,37637,38389
11440,37638,39008
11441,37639,38356
11442,37640,38970
11443,37641,38829
11444,37642,38666
11445,37643,38979
11446,37644,38364
11447,37645,38981
11448,37647,38828
11449,37649,38989
11450,37650,38683
11451,37651,38511
11452,37652,38893
11453,37653,38997
11454,37654,38342
11455,37655,38962
11456,37656,38693
11457,37658,39004
11458,37659,38967
11459,37660,39009
11460,37661,39013
11461,37662,39016
11462,37663,38018
11463,37664,38927
11464,37665,38875
11465,37666,38057
11466,37668,38890
11467,37669,39223
11468,37670,38825
11469,37671,38894
11470,37673,38898
11471,37674,38925
11472,37675,38644
11473,37676,39561
11474,37677,38963
11475,37678,39047
11476,37680,38905
11477,37681,38992
11478,37682,38416
11479,37683,38830
11480,37684,39341
11481,37685,39373
11482,37686,39083
11483,37687,38834
11484,37688,38790
11485,37689,38563
11486,37691,38600
11487,37693,39345
11488,37695,38259
11489,37696,39093
11490,37697,39221
11491,37698,39353
11492,37699,39007
11493,37700,39320
11494,37701,38913
11495,37702,38746
11496,37703,38611
11497,37704,39018
11498,37705,37929
11499,37706,38846
11500,37707,38590
11501,37708,38793
11502,37709,39234
11503,37710,39143
11504,37711,39144
11505,37712,39112
11506,37713,38950
11507,37714,39125
11508,37715,39445
11509,37716,38293
11510,37718,38938
11511,37719,38758
11512,37720,38939
11513,37721,39410
11514,37723,38942
11515,37724,37906
11516,37725,39348
11517,37726,39108
11518,37727,39324
11519,37728,38864
11520,37729,38991
11521,37730,39104
11522,37732,38640
11523,37733,38435
11524,37734,38880
11525,37735,38849
11526,37736,39366
11527,37737,38974
11528,37738,39354
11529,37739,38805
11530,37740,38341
11531,37741,39547
11532,37742,38853
11533,37743,38542
11534,37744,38238
11535,37745,38741
11536,37746,38870
11537,37748,38857
11538,37750,38966
11539,37751,38859
11540,37752,38243
11541,37753,39003
11542,37754,39113
11543,37755,38972
11544,37758,38975
11545,37759,38327
11546,37761,38983
11547,37762,38886
11548,37763,38691
11549,37764,38884
11550,37765,38246
11551,37766,38365
11552,37767,37946
11553,37769,38986
11554,37771,38987
11555,37772,38467
11556,37773,39118
11557,37774,38984
11558,37776,38079
11559,37777,38990
11560,37778,38370
11561,37779,38286
11562,37780,39369
11563,37781,39391
11564,37782,38995
11565,37784,38996
11566,37785,38867
11567,37786,39192
11568,37787,38868
11569,37788,38999
11570,37789,38256
11571,37790,39588
11572,37791,39305
11573,37793,38874
11574,37794,38850
11575,37795,39429
11576,37796,38998
11577,37797,39316
11578,37798,38877
11579,37799,38878
11580,37800,39082
11581,37802,38221
11582,37803,39077
11583,37805,38166
11584,37807,39025
11585,37808,39050
11586,37809,38891
11587,37812,39029
11588,37813,39052
11589,37814,39208
11590,37816,39033
11591,37817,38726
11592,37818,39286
11593,37819,39226
11594,37820,38732
11595,37821,39342
11596,37824,38323
11597,37825,39452
11598,37826,38437
11599,37827,39541
11600,37828,38804
11601,37829,39253
11602,37830,38132
11603,37831,39393
11604,37833,39359
11605,37834,38791
11606,37835,38860
11607,37836,38444
11608,37837,39290
11609,37838,38366
11610,37839,38862
11611,37840,39060
11612,37843,39062
11613,37844,39170
11614,37845,39371
11615,37846,39227
11616,37847,38393
11617,37848,38822
11618,37849,39376
11619,37850,39374
11620,37851,38296
11621,37853,39500
11622,37855,38909
11623,37856,38774
11624,37861,39098
11625,37863,38771
11626,37864,38466
11627,37865,38495
11628,37867,39119
11629,37869,39235
11630,37870,38392
11631,37871,39086
11632,37872,39377
11633,37873,38903
11634,37874,39088
11635,37876,38299
11636,37878,38287
11637,37879,39405
11638,37881,38288
11639,37882,39096
11640,37883,39330
11641,37884,39262
11642,37885,38319
11643,37886,38935
11644,37887,38807
11645,37888,39570
11646,37889,38916
11647,37890,38056
11648,37891,39211
11649,37892,39246
11650,37893,39247
11651,37894,38953
11652,37896,39230
11653,37897,39260
11654,37898,39111
11655,37899,38936
11656,37900,39085
11657,37902,39114
11658,37903,38066
11659,37904,38982
11660,37905,39140
11661,37907,38505
11662,37908,38973
11663,37909,39390
11664,37910,39312
11665,37911,39121
11666,37912,38879
11667,37913,39178
11668,37914,38912
11669,37915,39195
11670,37916,39196
11671,37917,38257
11672,37918,39302
11673,37919,38231
11674,37921,39131
11675,37922,38222
11676,37923,38421
11677,37924,39515
11678,37925,38709
11679,37926,39179
11680,37927,39326
11681,37928,38228
11682,37930,38710
11683,37931,38229
11684,37932,39142
11685,37933,39533
11686,37935,38631
11687,37936,39244
11688,37939,39174
11689,37940,38649
11690,37941,39567
11691,37942,39261
11692,37944,39584
11693,37945,39270
11694,37948,39259
11695,37949,39149
11696,37950,39365
11697,37951,39357
11698,37953,39048
11699,37954,39058
11700,37955,39288
11701,37956,39165
11702,37958,38431
11703,37959,39061
11704,37960,39339
11705,37961,39298
11706,37963,39168
11707,37964,39303
11708,37966,38326
11709,37968,39314
11710,37969,39130
11711,37970,38902
11712,37971,39233
11713,37972,39200
11714,37973,39012
11715,37974,39395
11716,37976,39127
11717,37977,39157
11718,37979,38581
11719,37980,39254
11720,37983,38541
11721,37984,39201
11722,37986,38876
11723,37987,38281
11724,37989,39284
11725,37990,39399
11726,37991,39400
11727,37992,39205
11728,37993,38887
11729,37994,39215
11730,37995,39150
11731,37997,38796
11732,37998,38571
11733,37999,39403
11734,38000,39010
11735,38002,39222
11736,38003,39300
11737,38005,38904
11738,38007,38651
11739,38009,39225
11740,38010,39406
11741,38011,39256
11742,38012,38306
11743,38014,39228
11744,38016,39407
11745,38017,38841
11746,38019,38570
11747,38020,39232
11748,38021,39141
11749,38022,38928
11750,38023,39236
11751,38025,39238
11752,38026,39602
11753,38027,39310
11754,38028,39198
11755,38029,39213
11756,38030,39446
11757,38033,38536
11758,38037,39245
11759,38038,39436
11760,38039,39415
11761,38041,39180
11762,38042,39185
11763,38043,39252
11764,38045,39449
11765,38046,38520
11766,38047,39586
11767,38048,38344
11768,38049,39451
11769,38050,39124
11770,38051,39155
11771,38052,38931
11772,38053,38742
11773,38054,39423
11774,38055,39424
11775,38059,39453
11776,38060,39237
11777,38062,38404
11778,38064,39147
11779,38065,38362
11780,38067,39456
11781,38068,39457
11782,38069,38985
11783,38071,38368
11784,38072,39278
11785,38073,39279
11786,38076,39163
11787,38080,38863
11788,38081,39287
11789,38082,39333
11790,38083,39164
11791,38084,39289
11792,38085,39263
11793,38086,39291
11794,38088,39294
11795,38089,39297
11796,38090,39299
11797,38091,39318
11798,38092,39207
11799,38093,39156
11800,38094,38400
11801,38096,38907
11802,38097,39175
11803,38099,39313
11804,38100,39177
11805,38101,39002
11806,38102,38845
11807,38103,39394
11808,38104,38952
11809,38105,39128
11810,38106,39381
11811,38111,39434
11812,38112,38468
11813,38114,39462
11814,38116,39362
11815,38117,39229
11816,38118,39129
11817,38119,39212
11818,38122,38522
11819,38125,39543
11820,38126,38628
11821,38130,39021
11822,38133,39032
11823,38138,38664
11824,38142,38861
11825,38147,39239
11826,38148,39064
11827,38149,39065
11828,38150,39066
11829,38155,38933
11830,38157,39615
11831,38168,39430
11832,38171,39067
11833,38172,39414
11834,38173,39397
11835,38174,39404
11836,38176,39523
11837,38178,39514
11838,38184,39529
11839,38186,39611
11840,38187,39539
11841,38190,39100
11842,38194,38951
11843,38195,39383
11844,38196,39421
11845,38199,39265
11846,38200,38708
11847,38202,38499
11848,38203,39398
11849,38204,39431
11850,38205,39432
11851,38212,39537
11852,38213,39546
11853,38214,39346
11854,38216,39501
11855,38217,39502
11856,38218,39123
11857,38219,39508
11858,38223,38295
11859,38233,38831
11860,38234,38798
11861,38239,38856
11862,38240,39550
11863,38245,39115
11864,38247,38553
11865,38248,39573
11866,38254,39464
11867,38258,39592
11868,38260,39516
11869,38261,39528
11870,38262,38617
11871,38263,39559
11872,38264,38662
11873,38265,39636
11874,38266,38669
11875,38267,38668
11876,38268,39552
11877,38269,39591
11878,38274,38826
11879,38276,38778
11880,38279,39480
11881,38282,39438
11882,38292,39034
11883,38294,39073
11884,38297,38911
11885,38298,39498
11886,38300,38838
11887,38301,39402
11888,38311,38526
11889,38312,39471
11890,38315,39527
11891,38316,39444
11892,38322,38534
11893,38328,38484
11894,38332,39248
11895,38333,38803
11896,38334,38811
11897,38335,39542
11898,38343,39411
11899,38348,39378
11900,38354,39264
11901,38357,39613
11902,38358,39488
11903,38363,38551
11904,38367,38866
11905,38372,39051
11906,38373,38549
11907,38375,39458
11908,38377,38816
11909,38379,39575
11910,38380,39577
11911,38390,39408
11912,38397,39467
11913,38401,39469
11914,38402,39504
11915,38407,39109
11916,38426,39095
11917,38429,39618
11918,38440,39202
11919,38455,39301
11920,38470,39274
11921,38490,39257
11922,38504,39122
11923,38516,39181
11924,38528,39186
11925,38538,38707
11926,38555,39080
11927,38564,38872
11928,38565,39375
11929,38569,39182
11930,38572,39184
11931,38576,39266
11932,38577,39268
11933,38586,39190
11934,38588,39338
11935,38589,39203
11936,38592,39321
11937,38594,39440
11938,38601,39217
11939,38602,39218
11940,38605,39135
11941,38608,38787
11942,38620,38929
11943,38632,39102
11944,38635,39447
11945,38647,39545
11946,38658,39422
11947,38661,39188
11948,38667,39315
11949,38672,39332
11950,38673,39277
11951,38674,39162
11952,38679,38851
11953,38696,39589
11954,38712,39146
11955,38759,39337
11956,38770,39076
11957,38784,39117
11958,38792,38923
11959,38815,39022
11960,38855,39296
11961,38948,39571
11962,38961,39554
11963,38965,39419
11964,38988,39580
11965,38993,39578
11966,39019,39103
11967,39039,39426
11968,39049,39557
11969,39053,39386
11970,39308,39625
11971,37318,39352
11972,37839,39364
11973,37636,39382
11974,38061,39384
11975,38361,39385
11976,38822,39392
11977,37023,39418
11978,38666,39427
11979,38546,39454
11980,37596,39460
11981,38556,39463
11982,39338,39472
11983,38939,39482
11984,39383,39485
11985,37954,39491
11986,37960,39495
11987,37142,39496
11988,39034,39512
11989,39016,39519
11990,37307,39525
11991,37630,39535
11992,38953,39544
11993,39322,39548
11994,37653,39551
11995,38551,39566
11996,38366,39569
11997,38553,39572
11998,37830,39574
11999,37784,39581
12000,38873,39590
12001,38403,39593
12002,37485,39597
12003,38846,39607
12004,37314,39608
12005,39076,39609
12006,37805,39619
12007,37475,39626
12008,37344,39629
12009,38005,39630
12010,38078,39638
12011,38393,39639
12012,38779,39641
12013,38320,39642
12014,38786,39644
12015,37621,39645
12016,37293,39646
12017,38421,39654
12018,37972,39663
12019,39399,39666
12020,39146,39673
12021,39251,39681
12022,38676,39684
12023,38568,39696
12024,38707,39699
12025,39513,39700
12026,38488,39711
12027,38067,39726
12028,37665,39731
12029,37802,39732
12030,38740,39741
12031,39829,40372
12032,39831,40320
12033,39832,40973
12034,39847,41468
12035,39917,40404
12036,39921,43540
12037,39924,40939
12038,39934,41644
12039,39938,41759
12040,39975,40641
12041,39982,40574
12042,39993,41945
12043,40005,40432
12044,40006,41721
12045,40019,40240
12046,40076,41840
12047,40077,41026
12048,40086,42268
12049,40101,42041
12050,40120,40999
12051,40145,40798
12052,40189,40963
12053,40191,40549
12054,40195,42204
12055,40196,41883
12056,40204,42784
12057,40209,40562
12058,40214,41585
12059,40216,43163
12060,40220,43006
12061,40221,40988
12062,40225,40531
12063,40229,40961
12064,40234,43169
12065,40236,42154
12066,40250,40674
12067,40273,40500
12068,40281,40949
12069,40289,41933
12070,40314,40516
12071,40330,41385
12072,40338,42575
12073,40358,40454
12074,40388,43556
12075,40399,40588
12076,40419,41003
12077,40430,41610
12078,40433,42245
12079,40436,41462
12080,40447,40722
12081,40478,41053
12082,40482,42474
12083,40483,41383
12084,40508,43436
12085,40524,41200
12086,40538,42613
12087,40550,42223
12088,40582,42228
12089,40611,41262
12090,40624,41926
12091,40634,43427
12092,40659,42224
12093,40684,41279
12094,40761,42488
12095,40763,42557
12096,40790,43500
12097,40799,43501
12098,40802,43674
12099,40844,42237
12100,40847,43015
12101,40861,42026
12102,40884,41121
12103,40900,42551
12104,40915,43549
12105,40920,43562
12106,40946,42161
12107,40951,43165
12108,40955,41457
12109,40957,43533
12110,40959,41471
12111,40965,43547
12112,40966,43559
12113,40967,42982
12114,40968,43194
12115,40975,41645
12116,40976,43554
12117,40978,42508
12118,40980,43676
12119,40981,43085
12120,40982,43672
12121,40983,42513
12122,40987,42086
12123,40990,43832
12124,40993,42050
12125,40995,43837
12126,40997,43372
12127,40998,43309
12128,41001,42541
12129,41002,43641
12130,41011,43642
12131,41013,43664
12132,41014,42335
12133,41016,43448
12134,41019,42540
12135,41020,43361
12136,41024,43597
12137,41025,43683
12138,41027,42377
12139,41028,43656
12140,41031,42313
12141,41032,43668
12142,41033,42213
12143,41034,42704
12144,41035,43460
12145,41036,43809
12146,41037,42719
12147,41040,42394
12148,41041,42724
12149,41042,43633
12150,41043,43814
12151,41044,43820
12152,41045,42975
12153,41048,42208
12154,41049,42435
12155,41050,43596
12156,41051,43603
12157,41052,43114
12158,41054,43207
12159,41057,42506
12160,41060,42233
12161,41061,42466
12162,41062,42166
12163,41063,43622
12164,41065,42480
12165,41066,43626
12166,41067,43805
12167,41068,42371
12168,41069,42307
12169,41071,42376
12170,41074,42518
12171,41076,42556
12172,41077,41469
12173,41078,42937
12174,41079,42470
12175,41081,43327
12176,41082,41393
12177,41085,42478
12178,41086,43234
12179,41088,43235
12180,41089,43548
12181,41090,43039
12182,41092,42434
12183,41093,42471
12184,41094,42475
12185,41096,43826
12186,41097,43819
12187,41098,43545
12188,41099,41576
12189,41100,43561
12190,41102,43823
12191,41103,41844
12192,41105,43086
12193,41106,43254
12194,41108,42476
12195,41109,43563
12196,41110,43536
12197,41111,42484
12198,41112,43453
12199,41113,43265
12200,41114,43830
12201,41115,42349
12202,41116,42350
12203,41117,42352
12204,41118,41766
12205,41119,43051
12206,41125,43047
12207,41128,42427
12208,41129,42972
12209,41132,43432
12210,41134,42410
12211,41135,42976
12212,41136,42465
12213,41137,42959
12214,41139,41446
12215,41140,42288
12216,41141,42835
12217,41142,43402
12218,41143,43767
12219,41144,42842
12220,41145,42374
12221,41148,42302
12222,41149,42265
12223,41150,43014
12224,41152,42819
12225,41153,42387
12226,41154,42210
12227,41155,42520
12228,41156,43692
12229,41157,42417
12230,41158,42614
12231,41159,42455
12232,41161,43236
12233,41162,42274
12234,41164,42318
12235,41165,43728
12236,41166,41477
12237,41167,43729
12238,41168,42404
12239,41169,42712
12240,41171,43202
12241,41172,42369
12242,41173,42279
12243,41174,42262
12244,41175,42409
12245,41178,41896
12246,41180,42338
12247,41181,43022
12248,41182,42000
12249,41183,42418
12250,41184,43730
12251,41186,43200
12252,41188,42428
12253,41189,42522
12254,41190,42429
12255,41191,42989
12256,41193,42327
12257,41194,42548
12258,41195,42329
12259,41198,43754
12260,41199,42967
12261,41201,42968
12262,41202,43357
12263,41203,43756
12264,41204,42445
12265,41205,42457
12266,41206,43056
12267,41208,42135
12268,41209,42136
12269,41210,43061
12270,41212,42514
12271,41213,42451
12272,41214,43324
12273,41216,42485
12274,41217,42148
12275,41218,42469
12276,41221,43062
12277,41223,42595
12278,41226,42617
12279,41227,43762
12280,41228,42472
12281,41229,42340
12282,41230,42342
12283,41231,43389
12284,41232,43677
12285,41233,43260
12286,41234,42141
12287,41235,42840
12288,41236,43475
12289,41237,42600
12290,41238,42345
12291,41239,42787
12292,41240,41867
12293,41241,42860
12294,41242,42571
12295,41243,43759
12296,41246,43111
12297,41247,43400
12298,41248,42491
12299,41249,42421
12300,41250,42381
12301,41253,41490
12302,41255,43731
12303,41256,43173
12304,41257,42273
12305,41258,42504
12306,41259,42517
12307,41266,43218
12308,41268,42677
12309,41269,42509
12310,41271,42911
12311,41272,43118
12312,41275,42694
12313,41276,42314
12314,41277,43220
12315,41280,43229
12316,41281,43321
12317,41282,42534
12318,41284,43578
12319,41286,42323
12320,41287,42426
12321,41288,43113
12322,41289,42386
12323,41291,43136
12324,41293,42447
12325,41294,42433
12326,41295,43675
12327,41296,42332
12328,41297,43347
12329,41298,42756
12330,41299,42524
12331,41300,42324
12332,41301,42859
12333,41303,42533
12334,41304,42519
12335,41305,43211
12336,41306,42528
12337,41307,42537
12338,41308,43259
12339,41309,43390
12340,41310,42782
12341,41311,42347
12342,41313,42997
12343,41314,42797
12344,41315,42822
12345,41316,42206
12346,41317,41940
12347,41318,43488
12348,41320,43652
12349,41321,43017
12350,41323,42722
12351,41324,42218
12352,41327,42440
12353,41328,41978
12354,41331,42596
12355,41333,42458
12356,41334,42549
12357,41335,42563
12358,41336,43479
12359,41337,42422
12360,41338,42565
12361,41339,42247
12362,41340,42370
12363,41342,42512
12364,41343,42829
12365,41344,42569
12366,41346,42006
12367,41347,42899
12368,41348,42379
12369,41349,43199
12370,41350,43700
12371,41352,43005
12372,41353,42389
12373,41354,42319
12374,41355,43328
12375,41356,42825
12376,41357,42580
12377,41358,43694
12378,41359,43634
12379,41360,43197
12380,41361,42430
12381,41363,42325
12382,41364,42804
12383,41365,42588
12384,41367,43078
12385,41368,42629
12386,41369,42572
12387,41370,42591
12388,41371,43658
12389,41372,42560
12390,41373,42598
12391,41374,42344
12392,41376,42785
12393,41377,43088
12394,41378,42789
12395,41379,43688
12396,41380,42798
12397,41381,42606
12398,41382,43058
12399,41384,42497
12400,41386,42002
12401,41387,42699
12402,41388,42570
12403,41389,43217
12404,41390,43406
12405,41391,42920
12406,41392,42714
12407,41394,41966
12408,41395,43102
12409,41397,42720
12410,41398,43537
12411,41401,42734
12412,41402,43490
12413,41403,42931
12414,41405,42743
12415,41406,43358
12416,41407,42717
12417,41408,42778
12418,41410,43314
12419,41411,42009
12420,41412,42593
12421,41413,42669
12422,41414,42758
12423,41415,43153
12424,41416,43557
12425,41417,42032
12426,41418,42641
12427,41419,42741
12428,41421,42643
12429,41423,42649
12430,41424,43081
12431,41425,42953
12432,41426,43238
12433,41427,42791
12434,41428,42697
12435,41429,43410
12436,41430,43408
12437,41432,43374
12438,41433,43356
12439,41434,42693
12440,41435,42841
12441,41436,43003
12442,41438,42667
12443,41439,42668
12444,41440,42602
12445,41441,42603
12446,41442,42543
12447,41443,43601
12448,41444,42673
12449,41445,42652
12450,41447,41872
12451,41448,42566
12452,41449,42918
12453,41450,42680
12454,41451,43119
12455,41452,42681
12456,41453,42453
12457,41454,43295
12458,41456,42772
12459,41458,42568
12460,41459,43442
12461,41460,42912
12462,41461,41769
12463,41463,42820
12464,41464,42691
12465,41465,42696
12466,41466,42615
12467,41467,43225
12468,41470,42564
12469,41472,42750
12470,41473,42585
12471,41474,42656
12472,41475,42678
12473,41476,43534
12474,41478,42406
12475,41479,42097
12476,41480,42876
12477,41481,43492
12478,41482,42604
12479,41483,43325
12480,41484,42716
12481,41485,42496
12482,41486,42623
12483,41487,42823
12484,41488,42901
12485,41491,42726
12486,41492,43496
12487,41494,43337
12488,41495,42423
12489,41496,43134
12490,41497,42731
12491,41498,42650
12492,41499,42811
12493,41500,42107
12494,41501,42621
12495,41502,42827
12496,41503,42736
12497,41504,42222
12498,41505,43159
12499,41506,42738
12500,41507,42627
12501,41508,42934
12502,41509,42742
12503,41510,43315
12504,41511,42659
12505,41512,42675
12506,41513,42887
12507,41514,42830
12508,41515,42746
12509,41516,43504
12510,41517,43241
12511,41518,43505
12512,41519,42753
12513,41520,42630
12514,41521,43055
12515,41522,42226
12516,41523,42938
12517,41525,43226
12518,41526,42747
12519,41527,43279
12520,41528,42634
12521,41529,42554
12522,41530,42306
12523,41531,42941
12524,41532,43373
12525,41533,43249
12526,41534,42765
12527,41535,42202
12528,41536,43171
12529,41537,42767
12530,41538,42834
12531,41539,42832
12532,41540,42769
12533,41541,42640
12534,41542,42770
12535,41544,42771
12536,41545,43157
12537,41546,42773
12538,41547,42733
12539,41548,42775
12540,41549,42102
12541,41550,42624
12542,41551,42950
12543,41552,42839
12544,41553,42790
12545,41554,42644
12546,41555,42951
12547,41556,42780
12548,41557,42988
12549,41558,43289
12550,41560,42900
12551,41561,43261
12552,41563,42242
12553,41564,42902
12554,41565,43464
12555,41566,43038
12556,41567,42651
12557,41568,42981
12558,41569,42810
12559,41570,43272
12560,41571,42793
12561,41572,43273
12562,41573,42885
12563,41574,42926
12564,41577,43472
12565,41578,43512
12566,41579,43162
12567,41580,42695
12568,41581,42507
12569,41583,42837
12570,41584,42845
12571,41586,42998
12572,41587,43424
12573,41588,43334
12574,41589,42919
12575,41591,42833
12576,41592,42806
12577,41593,42620
12578,41594,43021
12579,41597,43028
12580,41598,42818
12581,41599,42826
12582,41600,42757
12583,41601,42118
12584,41602,42625
12585,41603,43139
12586,41604,42933
12587,41605,43127
12588,41606,43353
12589,41608,42134
12590,41609,42633
12591,41612,42768
12592,41613,42735
12593,41614,42815
12594,41615,42995
12595,41616,42294
12596,41617,42836
12597,41618,42838
12598,41619,42646
12599,41620,43083
12600,41621,42816
12601,41622,43087
12602,41623,42178
12603,41624,43478
12604,41626,42707
12605,41627,42813
12606,41628,42844
12607,41632,43091
12608,41634,42666
12609,41635,42851
12610,41637,43409
12611,41639,42893
12612,41641,42450
12613,41643,43510
12614,41648,42877
12615,41651,42864
12616,41652,42843
12617,41653,42869
12618,41654,42676
12619,41655,42737
12620,41656,42698
12621,41657,42700
12622,41658,43001
12623,41659,42701
12624,41661,43317
12625,41664,43016
12626,41666,42725
12627,41667,43336
12628,41668,43352
12629,41670,42994
12630,41671,43035
12631,41673,43110
12632,41674,42886
12633,41676,42745
12634,41678,43032
12635,41679,42896
12636,41680,42897
12637,41681,43386
12638,41682,42479
12639,41683,42881
12640,41684,43454
12641,41685,42921
12642,41686,42904
12643,41687,42973
12644,41688,42182
12645,41689,43034
12646,41690,42103
12647,41691,42149
12648,41693,42607
12649,41694,42611
12650,41695,43060
12651,41696,43459
12652,41698,42916
12653,41699,43415
12654,41701,43037
12655,41702,42618
12656,41703,43041
12657,41705,42437
12658,41706,42910
12659,41707,42012
12660,41708,42925
12661,41709,43461
12662,41710,43079
12663,41711,43384
12664,41712,42929
12665,41713,42616
12666,41714,43036
12667,41715,43140
12668,41716,43040
12669,41717,43046
12670,41718,42150
12671,41719,42936
12672,41720,42501
12673,41722,42601
12674,41723,42137
12675,41724,43042
12676,41725,42635
12677,41727,42895
12678,41728,43310
12679,41729,42898
12680,41731,43075
12681,41732,42949
12682,41733,42408
12683,41734,43019
12684,41735,42788
12685,41736,43092
12686,41737,43093
12687,41738,43094
12688,41741,42957
12689,41742,42645
12690,41743,42906
12691,41744,43098
12692,41745,42991
12693,41746,43407
12694,41747,43232
12695,41748,43100
12696,41749,43057
12697,41750,43059
12698,41751,42363
12699,41752,43635
12700,41756,42996
12701,41757,42674
12702,41758,42867
12703,41761,42679
12704,41762,43294
12705,41763,43296
12706,41764,42608
12707,41765,42985
12708,41767,43297
12709,41768,43300
12710,41770,43338
12711,41771,43158
12712,41773,42993
12713,41774,42515
12714,41775,43131
12715,41777,43185
12716,41778,42874
12717,41779,42702
12718,41781,42665
12719,41782,42708
12720,41783,42965
12721,41784,42956
12722,41785,43011
12723,41786,42401
12724,41787,43190
12725,41788,42095
12726,41790,43360
12727,41791,42278
12728,41792,43322
12729,41793,42878
12730,41794,42983
12731,41795,42846
12732,41796,42280
12733,41797,42883
12734,41799,43020
12735,41800,42852
12736,41801,43251
12737,41802,43233
12738,41803,43335
12739,41804,43025
12740,41805,43189
12741,41806,42854
12742,41807,43030
12743,41808,43437
12744,41809,42971
12745,41810,42861
12746,41811,43438
12747,41812,43439
12748,41814,42884
12749,41815,42932
12750,41816,42930
12751,41817,42781
12752,41818,43141
12753,41820,43132
12754,41821,43144
12755,41823,43043
12756,41825,43354
12757,41826,42935
12758,41827,42913
12759,41828,43203
12760,41829,42939
12761,41830,42052
12762,41831,43050
12763,41832,43204
12764,41833,43053
12765,41834,42348
12766,41835,42415
12767,41836,42755
12768,41837,43364
12769,41838,42923
12770,41841,42942
12771,41843,42053
12772,41845,42594
12773,41846,42138
12774,41847,43010
12775,41848,43069
12776,41849,42977
12777,41850,43379
12778,41851,42411
12779,41852,43381
12780,41853,43072
12781,41854,43073
12782,41855,42108
12783,41856,42946
12784,41857,42948
12785,41858,43145
12786,41859,43077
12787,41860,43076
12788,41861,42538
12789,41862,42952
12790,41863,43080
12791,41864,42779
12792,41865,43262
12793,41866,43004
12794,41868,43089
12795,41869,43215
12796,41870,42955
12797,41871,43095
12798,41873,43394
12799,41875,42964
12800,41876,42740
12801,41877,42870
12802,41878,43274
12803,41879,43193
12804,41880,43167
12805,41881,42963
12806,41882,42729
12807,41884,42198
12808,41885,42638
12809,41886,43319
12810,41887,43054
12811,41889,43213
12812,41890,43126
12813,41891,42812
12814,41892,43263
12815,41893,43219
12816,41894,43221
12817,41895,43115
12818,41898,42800
12819,41899,42817
12820,41900,42689
12821,41902,42312
12822,41903,43375
12823,41904,42364
12824,41905,42786
12825,41906,43363
12826,41908,43117
12827,41909,42547
12828,41910,42326
12829,41911,42849
12830,41912,43256
12831,41913,43128
12832,41915,42579
12833,41916,42525
12834,41918,43341
12835,41919,43137
12836,41921,42527
12837,41923,42529
12838,41924,43494
12839,41925,43367
12840,41927,43147
12841,41929,43149
12842,41930,42232
12843,41931,43376
12844,41932,43155
12845,41934,43154
12846,41935,42473
12847,41936,43270
12848,41937,42862
12849,41939,43123
12850,41941,43705
12851,41942,42927
12852,41943,43105
12853,41944,43329
12854,41947,43107
12855,41948,42943
12856,41950,43176
12857,41951,42446
12858,41953,43180
12859,41954,42801
12860,41955,42980
12861,41956,42987
12862,41957,42494
12863,41958,43313
12864,41959,43009
12865,41960,43181
12866,41961,43013
12867,41963,42589
12868,41964,43191
12869,41965,42578
12870,41967,42194
12871,41968,43332
12872,41969,42763
12873,41970,43195
12874,41971,43026
12875,41972,42583
12876,41973,43484
12877,41974,43138
12878,41975,43350
12879,41976,43201
12880,41977,42405
12881,41979,43052
12882,41981,43648
12883,41982,43172
12884,41984,43210
12885,41985,42858
12886,41988,42561
12887,41989,43419
12888,41991,43283
12889,41992,43285
12890,41993,42366
12891,41994,42718
12892,41995,43292
12893,41996,43101
12894,41997,42984
12895,41998,42799
12896,42001,42310
12897,42003,43366
12898,42007,43161
12899,42008,42351
12900,42010,42523
12901,42013,43237
12902,42015,43135
12903,42016,43151
12904,42017,42739
12905,42018,43245
12906,42019,43307
12907,42020,43388
12908,42021,43286
12909,42022,43106
12910,42023,43129
12911,42024,42362
12912,42025,43368
12913,42028,43148
12914,42031,43326
12915,42033,43174
12916,42034,43385
12917,42035,43257
12918,42036,43441
12919,42037,43387
12920,42038,42343
12921,42039,42308
12922,42042,43429
12923,42044,43253
12924,42046,43339
12925,42047,42979
12926,42048,42783
12927,42049,42692
12928,42051,43340
12929,42054,43378
12930,42055,42990
12931,42057,43216
12932,42058,43240
12933,42059,42670
12934,42060,42626
12935,42061,43290
12936,42062,42960
12937,42063,43316
12938,42064,42372
12939,42065,43255
12940,42066,43000
12941,42067,42555
12942,42068,42683
12943,42069,43423
12944,42070,42684
12945,42071,43483
12946,42072,42986
12947,42073,43298
12948,42074,43331
12949,42076,43166
12950,42079,43070
12951,42080,43306
12952,42082,43029
12953,42084,43311
12954,42085,42380
12955,42087,42917
12956,42088,42397
12957,42089,43657
12958,42090,43405
12959,42092,43012
12960,42093,42848
12961,42094,42966
12962,42096,43320
12963,42098,42577
12964,42100,43344
12965,42101,43230
12966,42104,43130
12967,42105,43090
12968,42106,43493
12969,42109,43287
12970,42110,42882
12971,42111,42875
12972,42112,43497
12973,42113,42730
12974,42114,43275
12975,42115,43276
12976,42116,43342
12977,42117,43343
12978,42119,42500
12979,42120,43349
12980,42121,43477
12981,42122,43244
12982,42123,42628
12983,42125,43351
12984,42126,42499
12985,42127,42438
12986,42128,42590
12987,42129,43348
12988,42130,43733
12989,42131,42891
12990,42132,43506
12991,42133,43031
12992,42139,43247
12993,42140,43312
12994,42142,43669
12995,42143,43370
12996,42144,43718
12997,42145,43362
12998,42146,43065
12999,42147,43066
13000,42151,43170
13001,42152,43250
13002,42153,42532
13003,42155,43377
13004,42156,42664
13005,42157,42639
13006,42158,43252
13007,42159,43239
13008,42160,43396
13009,42162,43383
13010,42163,43246
13011,42164,43258
13012,42165,43399
13013,42167,43308
13014,42168,43365
13015,42169,42477
13016,42170,43346
13017,42171,43482
13018,42173,43651
13019,42176,43284
13020,42177,43518
13021,42179,43397
13022,42180,43266
13023,42183,42903
13024,42185,42490
13025,42187,42962
13026,42188,43486
13027,42190,42382
13028,42191,42647
13029,42192,43532
13030,42193,42619
13031,42197,43451
13032,42199,43445
13033,42201,42947
13034,42203,43222
13035,42207,43421
13036,42215,43228
13037,42216,43673
13038,42217,43280
13039,42220,42584
13040,42225,42752
13041,42227,43024
13042,42230,43404
13043,42235,43447
13044,42236,43382
13045,42238,42776
13046,42239,43455
13047,42241,43452
13048,42244,43178
13049,42246,42890
13050,42248,43182
13051,42249,43613
13052,42254,43143
13053,42256,42802
13054,42257,43243
13055,42259,43513
13056,42260,42970
13057,42261,43177
13058,42263,43491
13059,42266,43301
13060,42267,42690
13061,42269,43502
13062,42271,43206
13063,42272,43610
13064,42275,43473
13065,42276,42573
13066,42277,42710
13067,42281,43711
13068,42282,43333
13069,42283,43495
13070,42284,42794
13071,42287,43033
13072,42289,42744
13073,42291,43503
13074,42292,43045
13075,42293,42831
13076,42295,43416
13077,42296,43515
13078,42297,43156
13079,42299,43391
13080,42300,43519
13081,42301,43684
13082,42303,43521
13083,42304,43522
13084,42305,42974
13085,42309,42610
13086,42311,43184
13087,42315,42824
13088,42316,42706
13089,42317,42865
13090,42320,42622
13091,42328,43643
13092,42330,43646
13093,42331,42749
13094,42333,42632
13095,42334,42805
13096,42336,42764
13097,42337,43645
13098,42339,42682
13099,42341,43517
13100,42346,42648
13101,42353,43650
13102,42354,43614
13103,42355,43457
13104,42356,43625
13105,42357,43293
13106,42358,43538
13107,42359,43637
13108,42360,43638
13109,42361,43647
13110,42365,43599
13111,42367,42944
13112,42373,42814
13113,42375,43426
13114,42378,42685
13115,42383,43577
13116,42384,42687
13117,42385,43572
13118,42388,42999
13119,42391,42847
13120,42393,42705
13121,42395,42655
13122,42396,43474
13123,42398,43581
13124,42399,43604
13125,42403,42850
13126,42416,42766
13127,42425,43580
13128,42432,43466
13129,42436,43467
13130,42439,43551
13131,42441,43587
13132,42443,42658
13133,42444,43588
13134,42448,42662
13135,42452,43084
13136,42454,42760
13137,42456,43242
13138,42459,42663
13139,42460,43552
13140,42461,43150
13141,42462,43666
13142,42463,43667
13143,42464,43665
13144,42468,43671
13145,42487,43686
13146,42492,43685
13147,42493,43615
13148,42502,42961
13149,42510,43450
13150,42526,43697
13151,42536,42774
13152,42546,43187
13153,42550,43411
13154,42558,42807
13155,42586,43299
13156,42597,43380
13157,42631,43444
13158,42636,42922
13159,42637,42969
13160,42642,43112
13161,42653,43291
13162,42654,43302
13163,42660,43355
13164,42661,43359
13165,42672,43480
13166,42686,43612
13167,42688,43271
13168,42703,43470
13169,42711,43695
13170,42713,43142
13171,42715,43449
13172,42721,43435
13173,42748,43277
13174,42751,43278
13175,42754,43345
13176,42759,43392
13177,42761,43371
13178,42762,43067
13179,42796,43281
13180,42828,43082
13181,42855,43412
13182,42868,43430
13183,42873,43049
13184,42879,43018
13185,42888,43440
13186,42892,43398
13187,42908,43679
13188,42928,43462
13189,42945,43248
13190,42954,43264
13191,42958,43318
13192,43023,43632
13193,43044,43636
13194,43048,43463
13195,43063,43509
13196,43064,43660
13197,43099,43511
13198,43148,43414
13199,43417,43609
13200,42082,43428
13201,42023,43433
13202,43090,43434
13203,41205,43443
13204,42621,43465
13205,43243,43469
13206,40951,43489
13207,43235,43498
13208,41206,43507
13209,43217,43525
13210,42494,43528
13211,41228,43535
13212,43031,43541
13213,41429,43546
13214,41426,43550
13215,41246,43565
13216,43432,43567
13217,42506,43568
13218,42207,43569
13219,42983,43570
13220,41875,43574
13221,42739,43586
13222,42904,43594
13223,42797,43595
13224,41715,43600
13225,41340,43602
13226,41748,43616
13227,43279,43630
13228,42969,43661
13229,43455,43678
13230,43263,43681
13231,41116,43689
13232,41814,43701
13233,41019,43710
13234,43264,43712
13235,42282,43715
13236,41953,43721
13237,41032,43722
13238,41042,43723
13239,41976,43724
13240,43349,43732
13241,42025,43735
13242,41230,43736
13243,42020,43737
13244,42926,43749
13245,43251,43750
13246,43038,43752
13247,40196,43755
13248,43365,43764
13249,42737,43771
13250,41110,43783
13251,41603,43787
13252,43718,43794
13253,41885,43795
13254,42038,43800
13255,41784,43804
13256,41851,43813
13257,43371,43822
13258,42650,43831
13259,42941,43835
13260,43922,46487
13261,43935,44608
13262,43942,44600
13263,43944,44409
13264,43979,45526
13265,43987,46329
13266,44002,44741
13267,44013,44119
13268,44030,47550
13269,44031,45993
13270,44039,44504
13271,44086,45013
13272,44104,45132
13273,44111,44845
13274,44160,45716
13275,44161,44603
13276,44177,46357
13277,44187,47028
13278,44203,44266
13279,44204,45385
13280,44218,44771
13281,44222,46726
13282,44229,45911
13283,44268,45455
13284,44274,47220
13285,44315,46702
13286,44319,47562
13287,44325,46259
13288,44326,46392
13289,44332,47097
13290,44358,45114
13291,44370,47382
13292,44372,47548
13293,44377,44560
13294,44382,44901
13295,44384,44681
13296,44401,47323
13297,44404,47351
13298,44405,44622
13299,44420,45366
13300,44427,47519
13301,44435,44689
13302,44489,44815
13303,44499,47535
13304,44509,47397
13305,44513,47460
13306,44528,45273
13307,44545,45135
13308,44599,46285
13309,44628,47467
13310,44641,45780
13311,44655,46962
13312,44656,45733
13313,44657,45014
13314,44706,47347
13315,44787,47288
13316,44791,45231
13317,44817,46951
13318,45007,46460
13319,45036,45941
13320,45090,46414
13321,45094,46397
13322,45100,47745
13323,45102,47665
13324,45107,47640
13325,45112,47631
13326,45113,47815
13327,45117,47813
13328,45119,47779
13329,45120,47781
13330,45121,47621
13331,45123,47663
13332,45128,47750
13333,45129,47793
13334,45130,45423
13335,45131,47702
13336,45133,46486
13337,45134,47022
13338,45137,47711
13339,45138,46562
13340,45141,46512
13341,45144,47549
13342,45146,46194
13343,45148,47732
13344,45149,46061
13345,45152,46424
13346,45153,47739
13347,45154,47942
13348,45155,47300
13349,45157,46953
13350,45158,45429
13351,45163,47948
13352,45165,47936
13353,45168,46925
13354,45170,47653
13355,45174,47785
13356,45175,47941
13357,45176,47278
13358,45177,46091
13359,45178,46635
13360,45179,46703
13361,45181,47018
13362,45183,47931
13363,45186,47589
13364,45189,47720
13365,45190,47647
13366,45191,45554
13367,45192,47544
13368,45193,47294
13369,45194,46814
13370,45197,46757
13371,45199,46513
13372,45200,47958
13373,45201,46508
13374,45203,47644
13375,45204,46215
13376,45205,46523
13377,45206,47044
13378,45207,46547
13379,45209,47790
13380,45211,46557
13381,45212,46743
13382,45213,47951
13383,45215,46761
13384,45216,47582
13385,45217,47652
13386,45219,47953
13387,45220,46553
13388,45221,46555
13389,45222,47780
13390,45223,46696
13391,45224,47557
13392,45225,46745
13393,45227,46747
13394,45228,47957
13395,45229,46567
13396,45230,46751
13397,45233,47746
13398,45234,46570
13399,45236,45974
13400,45237,46395
13401,45239,47077
13402,45241,46877
13403,45242,46499
13404,45243,46772
13405,45245,46611
13406,45247,45721
13407,45248,47863
13408,45250,46272
13409,45252,46592
13410,45253,46554
13411,45255,46575
13412,45259,47098
13413,45260,46480
13414,45262,46891
13415,45263,47102
13416,45264,46791
13417,45265,46596
13418,45266,46488
13419,45267,47635
13420,45269,47285
13421,45270,46601
13422,45271,45871
13423,45272,46806
13424,45275,46437
13425,45276,47844
13426,45277,47848
13427,45278,47369
13428,45281,47606
13429,45283,47353
13430,45285,47072
13431,45286,46903
13432,45288,46362
13433,45291,46430
13434,45292,47107
13435,45293,47846
13436,45294,47847
13437,45296,46294
13438,45297,46518
13439,45299,46456
13440,45300,46521
13441,45301,46522
13442,45302,47543
13443,45303,46625
13444,45305,46415
13445,45306,46647
13446,45307,46514
13447,45308,45913
13448,45309,47838
13449,45310,47648
13450,45312,45918
13451,45313,46692
13452,45314,47165
13453,45315,46899
13454,45317,46230
13455,45319,46420
13456,45321,46129
13457,45322,47717
13458,45323,46690
13459,45324,46542
13460,45325,47888
13461,45328,46624
13462,45329,46463
13463,45330,46930
13464,45331,46497
13465,45332,47620
13466,45333,47894
13467,45334,46629
13468,45335,47897
13469,45336,46556
13470,45337,46933
13471,45338,46560
13472,45339,47490
13473,45340,47588
13474,45341,46746
13475,45343,46638
13476,45344,46565
13477,45345,46566
13478,45346,46698
13479,45347,46436
13480,45348,46393
13481,45349,46940
13482,45350,46140
13483,45351,46674
13484,45354,47531
13485,45355,47139
13486,45356,47526
13487,45357,47947
13488,45358,47861
13489,45360,46626
13490,45362,46470
13491,45363,47325
13492,45365,46740
13493,45367,47221
13494,45368,47415
13495,45369,47539
13496,45370,47335
13497,45371,46602
13498,45372,47603
13499,45373,46607
13500,45374,46358
13501,45375,46720
13502,45376,46620
13503,45377,46524
13504,45378,47352
13505,45379,46071
13506,45380,47041
13507,45382,46525
13508,45383,46539
13509,45384,46541
13510,45386,46549
13511,45387,46544
13512,45389,46628
13513,45390,46559
13514,45391,47338
13515,45392,46630
13516,45393,46469
13517,45394,46516
13518,45397,47518
13519,45399,46597
13520,45404,47202
13521,45405,46621
13522,45406,47609
13523,45407,47807
13524,45408,46612
13525,45409,46623
13526,45411,47199
13527,45412,45880
13528,45417,46963
13529,45418,46657
13530,45419,46964
13531,45420,46659
13532,45421,46654
13533,45422,46661
13534,45424,47421
13535,45425,47032
13536,45427,46879
13537,45428,47407
13538,45430,46670
13539,45431,46804
13540,45432,46502
13541,45433,47726
13542,45434,47728
13543,45435,46685
13544,45436,46462
13545,45437,46608
13546,45438,46407
13547,45442,47213
13548,45443,46468
13549,45444,47596
13550,45445,47456
13551,45447,46375
13552,45448,46416
13553,45449,47759
13554,45450,47478
13555,45451,46431
13556,45452,46427
13557,45453,47617
13558,45454,47512
13559,45456,46693
13560,45457,46694
13561,45458,47503
13562,45459,46387
13563,45460,46656
13564,45461,46905
13565,45462,45986
13566,45463,46568
13567,45464,46941
13568,45465,46777
13569,45468,47426
13570,45470,46101
13571,45471,46396
13572,45472,46442
13573,45473,46735
13574,45477,46447
13575,45478,45985
13576,45480,46498
13577,45482,46924
13578,45483,47495
13579,45484,46718
13580,45485,46410
13581,45486,46736
13582,45487,46830
13583,45488,46722
13584,45489,47050
13585,45490,47035
13586,45491,46700
13587,45492,46838
13588,45493,46885
13589,45494,46884
13590,45495,47740
13591,45498,47477
13592,45499,47438
13593,45501,46739
13594,45502,47580
13595,45503,47364
13596,45505,47016
13597,45506,46867
13598,45507,46453
13599,45508,47209
13600,45509,46248
13601,45510,46865
13602,45511,46155
13603,45512,46858
13604,45513,46822
13605,45514,46731
13606,45515,47012
13607,45516,46770
13608,45517,47099
13609,45518,47115
13610,45519,46811
13611,45520,46886
13612,45521,47159
13613,45522,47485
13614,45523,47160
13615,45524,47389
13616,45525,47479
13617,45527,47374
13618,45528,47445
13619,45529,46813
13620,45530,46764
13621,45531,46987
13622,45533,46908
13623,45534,46752
13624,45535,46839
13625,45536,46663
13626,45537,46910
13627,45539,46781
13628,45540,47734
13629,45541,47403
13630,45542,47013
13631,45544,46676
13632,45545,47096
13633,45546,46642
13634,45547,47023
13635,45549,46871
13636,45550,47061
13637,45551,46943
13638,45552,46576
13639,45553,46595
13640,45555,46577
13641,45556,46794
13642,45557,46875
13643,45558,46971
13644,45559,46796
13645,45560,47308
13646,45562,46356
13647,45567,47337
13648,45568,47065
13649,45569,46585
13650,45570,46809
13651,45571,46755
13652,45572,46723
13653,45573,47604
13654,45574,47305
13655,45575,46666
13656,45576,47124
13657,45577,46153
13658,45578,46678
13659,45579,47388
13660,45580,47203
13661,45581,46851
13662,45582,46185
13663,45583,46824
13664,45584,47581
13665,45586,46938
13666,45587,46662
13667,45588,46829
13668,45589,46750
13669,45590,46721
13670,45591,46832
13671,45592,46922
13672,45593,46684
13673,45594,46307
13674,45595,46972
13675,45596,46923
13676,45597,46854
13677,45598,46837
13678,45599,46954
13679,45600,46725
13680,45601,47527
13681,45602,47156
13682,45603,47071
13683,45604,47615
13684,45605,46955
13685,45606,47067
13686,45607,47649
13687,45608,46289
13688,45609,46732
13689,45610,47019
13690,45611,46724
13691,45612,47358
13692,45614,46921
13693,45615,46769
13694,45617,46861
13695,45618,46833
13696,45619,46883
13697,45623,46902
13698,45624,46719
13699,45625,46868
13700,45626,46928
13701,45627,46869
13702,45628,46571
13703,45629,46929
13704,45630,46805
13705,45632,46742
13706,45633,46550
13707,45634,46762
13708,45635,46756
13709,45636,46873
13710,45637,46979
13711,45638,46609
13712,45639,46744
13713,45640,47055
13714,45641,46843
13715,45642,46934
13716,45645,46969
13717,45646,46768
13718,45647,47059
13719,45648,46727
13720,45649,46749
13721,45650,47513
13722,45651,46850
13723,45652,47605
13724,45653,47147
13725,45656,46904
13726,45658,47291
13727,45659,46199
13728,45661,46992
13729,45662,46927
13730,45664,46737
13731,45665,46454
13732,45666,47481
13733,45667,46907
13734,45668,46767
13735,45669,47537
13736,45670,46773
13737,45671,47116
13738,45672,46792
13739,45673,46937
13740,45674,46912
13741,45675,47595
13742,45677,47540
13743,45678,46914
13744,45679,46793
13745,45680,46615
13746,45681,47108
13747,45682,46493
13748,45683,46916
13749,45684,46917
13750,45686,46400
13751,45687,46282
13752,45689,47187
13753,45690,46527
13754,45691,47440
13755,45692,46920
13756,45693,46835
13757,45694,46157
13758,45696,46728
13759,45697,47242
13760,45698,46842
13761,45699,46504
13762,45700,46228
13763,45702,46876
13764,45704,46855
13765,45705,47184
13766,45706,46733
13767,45707,46104
13768,45709,46939
13769,45711,46474
13770,45712,46820
13771,45713,47057
13772,45714,46889
13773,45715,46457
13774,45717,46716
13775,45719,47093
13776,45720,46148
13777,45722,46189
13778,45724,46834
13779,45725,47528
13780,45729,47003
13781,45734,46816
13782,45735,46965
13783,45738,46784
13784,45739,46478
13785,45740,46080
13786,45742,47319
13787,45743,47545
13788,45744,47601
13789,45745,46973
13790,45746,46981
13791,45747,47011
13792,45748,46819
13793,45749,46985
13794,45750,46896
13795,45752,47266
13796,45753,47010
13797,45754,47137
13798,45755,46990
13799,45756,46808
13800,45759,47150
13801,45760,46993
13802,45761,47465
13803,45763,46994
13804,45764,46997
13805,45765,46998
13806,45766,47270
13807,45767,47008
13808,45768,47047
13809,45769,47185
13810,45770,47001
13811,45772,47172
13812,45773,47004
13813,45774,47570
13814,45775,47122
13815,45776,47112
13816,45778,47515
13817,45779,46713
13818,45781,47075
13819,45782,46271
13820,45783,46349
13821,45784,46775
13822,45785,47086
13823,45786,47087
13824,45787,47089
13825,45788,46327
13826,45789,47094
13827,45790,46709
13828,45791,47182
13829,45793,46276
13830,45794,47104
13831,45795,46335
13832,45796,46714
13833,45797,46711
13834,45798,47113
13835,45799,46143
13836,45800,47118
13837,45801,47428
13838,45802,47427
13839,45803,47127
13840,45805,47133
13841,45808,47349
13842,45809,47146
13843,45810,47243
13844,45811,47151
13845,45812,46311
13846,45813,47167
13847,45814,47166
13848,45815,47015
13849,45816,47158
13850,45818,47179
13851,45819,46150
13852,45820,47148
13853,45821,47178
13854,45822,46429
13855,45823,46932
13856,45824,47183
13857,45825,46874
13858,45826,47783
13859,45827,47058
13860,45828,47192
13861,45829,47259
13862,45830,47117
13863,45831,46232
13864,45832,46146
13865,45833,47244
13866,45834,46222
13867,45835,47390
13868,45836,47114
13869,45837,47073
13870,45838,47051
13871,45839,46650
13872,45840,47212
13873,45841,46810
13874,45842,47017
13875,45843,46660
13876,45844,47082
13877,45845,46967
13878,45846,46472
13879,45847,47040
13880,45848,47020
13881,45849,47090
13882,45851,47091
13883,45852,47235
13884,45854,46484
13885,45855,47021
13886,45856,46991
13887,45857,46708
13888,45858,46169
13889,45859,47024
13890,45861,46142
13891,45862,47331
13892,45863,47261
13893,45864,47106
13894,45865,47558
13895,45866,47234
13896,45867,47070
13897,45869,46807
13898,45870,47188
13899,45872,47287
13900,45873,47027
13901,45874,46949
13902,45875,47269
13903,45876,47399
13904,45877,46788
13905,45878,47431
13906,45879,46980
13907,45881,47190
13908,45883,47126
13909,45885,47131
13910,45886,47911
13911,45887,47344
13912,45889,47038
13913,45892,47134
13914,45893,47293
13915,45894,47299
13916,45895,47140
13917,45896,47141
13918,45897,47240
13919,45898,46831
13920,45899,47120
13921,45900,47142
13922,45901,47144
13923,45902,47084
13924,45903,46483
13925,45904,47155
13926,45905,47036
13927,45906,46836
13928,45907,47458
13929,45908,47053
13930,45909,47303
13931,45910,47039
13932,45912,47153
13933,45914,47168
13934,45915,47046
13935,45917,47068
13936,45919,47164
13937,45920,46535
13938,45921,46636
13939,45922,47045
13940,45923,46853
13941,45924,47056
13942,45925,46149
13943,45926,47029
13944,45928,47176
13945,45930,47708
13946,45931,46145
13947,45932,47049
13948,45933,46494
13949,45934,47251
13950,45935,47174
13951,45936,47163
13952,45937,47175
13953,45938,46287
13954,45940,46367
13955,45942,47254
13956,45944,47180
13957,45945,47181
13958,45946,47195
13959,45947,47014
13960,45948,47054
13961,45949,46942
13962,45950,47505
13963,45951,47256
13964,45953,46275
13965,45955,47258
13966,45956,46974
13967,45957,47378
13968,45958,47379
13969,45960,46160
13970,45961,47439
13971,45962,47317
13972,45964,47521
13973,45965,46404
13974,45966,46574
13975,45967,47429
13976,45968,46818
13977,45970,47129
13978,45971,47357
13979,45972,47462
13980,45975,47191
13981,45976,47551
13982,45977,46909
13983,45978,47215
13984,45979,47222
13985,45980,46913
13986,45981,47105
13987,45982,47143
13988,45984,47232
13989,45987,47226
13990,45988,47121
13991,45989,47751
13992,45990,47229
13993,45991,47230
13994,45992,47233
13995,45994,47138
13996,45995,47237
13997,45996,47238
13998,45997,47239
13999,45999,46817
14000,46000,47749
14001,46002,47246
14002,46003,46618
14003,46004,47173
14004,46005,47170
14005,46006,47586
14006,46007,47249
14007,46008,47530
14008,46010,47310
14009,46011,47770
14010,46012,47211
14011,46013,47762
14012,46014,47371
14013,46015,47197
14014,46017,46881
14015,46018,47257
14016,46019,47189
14017,46020,47196
14018,46021,47591
14019,46022,47081
14020,46023,47281
14021,46025,46789
14022,46026,47103
14023,46027,47208
14024,46028,47206
14025,46029,46895
14026,46032,46581
14027,46034,47066
14028,46036,47610
14029,46038,47274
14030,46039,47069
14031,46041,47078
14032,46042,47280
14033,46043,47095
14034,46044,47296
14035,46046,46911
14036,46047,47298
14037,46048,46355
14038,46049,46960
14039,46050,47575
14040,46051,46866
14041,46052,47523
14042,46053,46223
14043,46055,47290
14044,46056,47119
14045,46057,47729
14046,46058,46840
14047,46059,46982
14048,46060,47125
14049,46062,47404
14050,46064,47135
14051,46065,47279
14052,46067,47145
14053,46068,47613
14054,46069,46683
14055,46070,47420
14056,46072,46841
14057,46073,47161
14058,46074,46675
14059,46078,47273
14060,46079,47313
14061,46081,47368
14062,46082,47314
14063,46083,46687
14064,46084,46959
14065,46086,47316
14066,46087,47507
14067,46088,47136
14068,46089,47394
14069,46090,47468
14070,46092,47435
14071,46094,46774
14072,46095,47400
14073,46096,47343
14074,46097,47092
14075,46099,46403
14076,46102,46790
14077,46103,46976
14078,46106,47511
14079,46107,46958
14080,46108,47436
14081,46109,47033
14082,46110,47553
14083,46111,47475
14084,46112,47441
14085,46113,46605
14086,46114,47555
14087,46115,46413
14088,46116,47037
14089,46117,47480
14090,46118,47459
14091,46119,47461
14092,46120,46901
14093,46121,47560
14094,46122,47476
14095,46123,47469
14096,46125,47561
14097,46126,47487
14098,46128,46421
14099,46130,47497
14100,46131,47419
14101,46132,47498
14102,46133,46433
14103,46134,47504
14104,46135,47559
14105,46136,47486
14106,46137,46887
14107,46138,47574
14108,46139,46438
14109,46141,47448
14110,46144,46797
14111,46147,47449
14112,46151,47320
14113,46152,47321
14114,46156,47442
14115,46158,47385
14116,46159,47398
14117,46161,47297
14118,46162,47402
14119,46163,47324
14120,46164,46471
14121,46165,46593
14122,46166,47282
14123,46167,46477
14124,46168,46479
14125,46170,47446
14126,46172,47412
14127,46173,47277
14128,46174,47416
14129,46175,47433
14130,46176,47501
14131,46177,47418
14132,46179,47334
14133,46180,46782
14134,46181,47109
14135,46182,47602
14136,46183,47289
14137,46184,47425
14138,46186,47355
14139,46187,47194
14140,46188,46975
14141,46190,46526
14142,46191,46978
14143,46192,47430
14144,46193,47336
14145,46195,47356
14146,46196,47437
14147,46198,47130
14148,46200,47267
14149,46201,47360
14150,46202,46988
14151,46203,47693
14152,46205,47295
14153,46206,47447
14154,46207,47384
14155,46208,47450
14156,46209,47451
14157,46210,47567
14158,46211,47536
14159,46212,47594
14160,46213,47350
14161,46214,47457
14162,46216,47590
14163,46217,47372
14164,46218,47464
14165,46219,47306
14166,46221,46977
14167,46224,47042
14168,46226,46688
14169,46227,47473
14170,46229,47359
14171,46231,47361
14172,46233,46591
14173,46234,47363
14174,46235,47489
14175,46236,47392
14176,46237,46968
14177,46238,47484
14178,46241,46864
14179,46242,47376
14180,46243,47333
14181,46246,47564
14182,46247,47565
14183,46249,47496
14184,46250,47569
14185,46251,47370
14186,46252,47499
14187,46253,47472
14188,46254,47500
14189,46255,47502
14190,46256,46558
14191,46257,47506
14192,46258,47286
14193,46261,47508
14194,46262,46882
14195,46263,47341
14196,46264,47510
14197,46265,47326
14198,46266,47377
14199,46268,47514
14200,46269,46491
14201,46270,47533
14202,46277,47599
14203,46278,46537
14204,46280,46950
14205,46281,47228
14206,46283,46848
14207,46284,46689
14208,46286,47492
14209,46290,47060
14210,46291,47365
14211,46292,47328
14212,46295,46710
14213,46297,47541
14214,46298,47346
14215,46299,46970
14216,46301,47409
14217,46302,46948
14218,46304,46613
14219,46305,47452
14220,46306,47453
14221,46308,47455
14222,46309,47571
14223,46310,47393
14224,46313,46802
14225,46314,47491
14226,46315,47417
14227,46316,47493
14228,46317,47568
14229,46318,47007
14230,46319,47031
14231,46320,47373
14232,46321,47315
14233,46324,47573
14234,46325,47375
14235,46326,47695
14236,46328,47804
14237,46332,47200
14238,46333,46893
14239,46334,47340
14240,46341,46617
14241,46343,47760
14242,46346,47322
14243,46348,47424
14244,46351,47406
14245,46352,47597
14246,46353,47219
14247,46354,46668
14248,46359,47809
14249,46360,47592
14250,46363,47611
14251,46364,46845
14252,46365,46825
14253,46368,47454
14254,46369,47811
14255,46371,46900
14256,46372,47600
14257,46373,46888
14258,46377,46849
14259,46378,47593
14260,46379,47292
14261,46382,47796
14262,46383,47563
14263,46386,47619
14264,46390,47623
14265,46391,47786
14266,46398,46707
14267,46399,47411
14268,46401,47074
14269,46402,46798
14270,46405,46734
14271,46408,47735
14272,46409,46897
14273,46411,46706
14274,46412,47348
14275,46417,47080
14276,46418,46815
14277,46419,46856
14278,46422,46863
14279,46423,46704
14280,46425,47312
14281,46426,47227
14282,46428,47775
14283,46432,47754
14284,46434,47791
14285,46435,47787
14286,46439,47524
14287,46441,47706
14288,46443,47719
14289,46445,46717
14290,46446,46892
14291,46448,47723
14292,46449,47743
14293,46450,47755
14294,46451,46846
14295,46452,47758
14296,46455,47788
14297,46458,47625
14298,46459,47664
14299,46465,47698
14300,46466,47318
14301,46467,47667
14302,46475,46783
14303,46481,47670
14304,46485,46795
14305,46495,46712
14306,46496,46812
14307,46500,47434
14308,46503,47030
14309,46505,46931
14310,46506,47525
14311,46507,46730
14312,46509,47612
14313,46519,47641
14314,46520,47642
14315,46528,47466
14316,46529,47646
14317,46530,47682
14318,46532,47683
14319,46536,46760
14320,46538,46759
14321,46540,46857
14322,46545,47722
14323,46546,47764
14324,46548,47771
14325,46551,46778
14326,46552,47657
14327,46561,47186
14328,46572,47083
14329,46580,47432
14330,46582,47383
14331,46584,47741
14332,46586,47149
14333,46590,47395
14334,46610,47111
14335,46616,47614
14336,46622,47250
14337,46627,47177
14338,46631,47716
14339,46633,47572
14340,46640,47085
14341,46644,47064
14342,46649,47193
14343,46664,47538
14344,46665,47218
14345,46667,47062
14346,46669,47063
14347,46671,47714
14348,46672,47547
14349,46679,47123
14350,46680,47731
14351,46691,47488
14352,46701,47366
14353,46705,47088
14354,46748,47276
14355,46753,47408
14356,46754,47470
14357,46758,47471
14358,46763,47410
14359,46765,47076
14360,46776,47483
14361,46779,47231
14362,46786,47381
14363,46787,47380
14364,46799,47825
14365,46801,47201
14366,46821,47554
14367,46828,47552
14368,46844,47386
14369,46847,47387
14370,46852,47474
14371,46860,47482
14372,46870,47494
14373,46872,47210
14374,46880,47662
14375,46919,47638
14376,46945,47332
14377,46947,47423
14378,46952,47812
14379,46956,47391
14380,46984,47128
14381,46989,47301
14382,46996,47738
14383,46999,47207
14384,47052,47262
14385,47079,47769
14386,47152,47302
14387,47154,47304
14388,47157,47882
14389,47169,47330
14390,47171,47856
14391,47225,47546
14392,47241,47339
14393,47245,47645
14394,47247,47329
14395,47248,47651
14396,47253,47658
14397,47255,47661
14398,47283,47414
14399,47367,47765
14400,47413,47598
14401,47516,47823
14402,45991,47607
14403,46597,47616
14404,46423,47627
14405,45437,47637
14406,45700,47650
14407,47016,47666
14408,46756,47673
14409,46362,47675
14410,47447,47678
14411,46521,47679
14412,46802,47684
14413,47164,47685
14414,46237,47687
14415,47076,47694
14416,46020,47709
14417,46183,47721
14418,46334,47727
14419,45925,47756
14420,47414,47772
14421,46319,47777
14422,47505,47782
14423,46590,47792
14424,46949,47806
14425,45557,47819
14426,46110,47826
14427,45488,47828
14428,45128,47833
14429,47433,47834
14430,47611,47835
14431,45491,47837
14432,47510,47839
14433,46676,47842
14434,45861,47869
14435,45836,47874
14436,46410,47879
14437,46972,47880
14438,47352,47881
14439,46992,47900
14440,47523,47905
14441,46518,47916
14442,47642,47917
14443,45100,47919
14444,47391,47922
14445,45457,47925
14446,46559,47928
14447,47507,47929
14448,45137,47934
14449,46897,47940
14450,46886,47944
14451,46558,47946
14452,45962,47956
14453,47112,47962
14454,47981,51512
14455,48023,49260
14456,48032,51116
14457,48045,48744
14458,48057,51364
14459,48080,48864
14460,48101,51899
14461,48158,48436
14462,48167,48448
14463,48175,51458
14464,48217,51735
14465,48220,49605
14466,48227,48845
14467,48263,50258
14468,48270,48432
14469,48275,51109
14470,48287,48393
14471,48298,48882
14472,48346,50355
14473,48347,48988
14474,48349,49437
14475,48394,51642
14476,48396,50485
14477,48407,51073
14478,48423,51726
14479,48434,49526
14480,48439,51330
14481,48443,49564
14482,48445,51036
14483,48447,51259
14484,48454,49151
14485,48467,50419
14486,48471,50421
14487,48472,50422
14488,48481,50424
14489,48516,51251
14490,48519,51124
14491,48522,49342
14492,48525,50299
14493,48531,50407
14494,48557,48696
14495,48558,50813
14496,48564,51307
14497,48570,51623
14498,48573,51745
14499,48595,50842
14500,48596,51466
14501,48600,51363
14502,48609,50285
14503,48610,50286
14504,48615,50287
14505,48616,50293
14506,48618,50998
14507,48661,48931
14508,48684,51447
14509,48746,50680
14510,48769,49236
14511,48778,51104
14512,48804,50481
14513,48817,49512
14514,48818,50317
14515,48859,50847
14516,48911,49309
14517,48930,49409
14518,48942,49535
14519,48948,49815
14520,48987,50587
14521,49003,50216
14522,49030,51561
14523,49038,49439
14524,49054,50166
14525,49106,50824
14526,49159,51698
14527,49182,51709
14528,49210,51699
14529,49290,51064
14530,49302,50607
14531,49303,51739
14532,49304,51437
14533,49305,51473
14534,49306,50533
14535,49313,50542
14536,49316,51694
14537,49320,51532
14538,49321,50598
14539,49322,50562
14540,49323,52097
14541,49325,52091
14542,49328,49939
14543,49329,50454
14544,49330,51511
14545,49333,52112
14546,49334,50509
14547,49335,51712
14548,49336,51223
14549,49338,51615
14550,49339,51195
14551,49341,51301
14552,49343,50055
14553,49344,52115
14554,49345,50373
14555,49346,52105
14556,49347,51117
14557,49350,51318
14558,49351,50235
14559,49353,50520
14560,49354,52107
14561,49356,50978
14562,49357,52109
14563,49358,50236
14564,49359,51340
14565,49360,52111
14566,49361,50989
14567,49362,50359
14568,49363,50524
14569,49364,51708
14570,49368,51260
14571,49369,51691
14572,49375,50527
14573,49376,52039
14574,49377,52016
14575,49379,50780
14576,49380,51356
14577,49381,51669
14578,49382,51558
14579,49383,51836
14580,49387,50620
14581,49390,50831
14582,49392,51171
14583,49394,51571
14584,49396,50752
14585,49397,50771
14586,49398,51856
14587,49399,50746
14588,49400,50663
14589,49403,51756
14590,49405,50786
14591,49408,51582
14592,49410,50662
14593,49411,51992
14594,49412,50109
14595,49413,51994
14596,49414,51133
14597,49415,50900
14598,49416,51591
14599,49417,51719
14600,49419,50340
14601,49420,50651
14602,49422,51966
14603,49424,50035
14604,49425,51882
14605,49426,52000
14606,49427,52026
14607,49428,50510
14608,49429,50661
14609,49430,50603
14610,49431,50790
14611,49432,51621
14612,49433,51508
14613,49435,50883
14614,49436,50679
14615,49438,52103
14616,49441,50645
14617,49444,50686
14618,49449,50279
14619,49452,50901
14620,49453,50222
14621,49456,50687
14622,49457,50079
14623,49461,50784
14624,49462,51020
14625,49463,50879
14626,49464,51238
14627,49465,51092
14628,49466,50707
14629,49467,52046
14630,49468,51339
14631,49469,50209
14632,49470,52047
14633,49471,50868
14634,49472,51029
14635,49473,51658
14636,49475,49659
14637,49476,51660
14638,49477,51929
14639,49478,51452
14640,49479,50642
14641,49480,50550
14642,49481,51469
14643,49482,51993
14644,49483,51044
14645,49484,51968
14646,49486,51167
14647,49487,51649
14648,49488,50735
14649,49490,50817
14650,49491,51618
14651,49493,50301
14652,49494,50801
14653,49495,51729
14654,49496,51214
14655,49497,50745
14656,49498,50787
14657,49501,50935
14658,49503,50164
14659,49507,51686
14660,49508,50629
14661,49509,50753
14662,49510,50957
14663,49514,50764
14664,49515,51750
14665,49516,50770
14666,49517,50704
14667,49518,50767
14668,49519,50769
14669,49520,50561
14670,49521,50664
14671,49522,50748
14672,49523,50994
14673,49524,50775
14674,49528,50695
14675,49531,50782
14676,49532,50701
14677,49534,50762
14678,49536,50522
14679,49537,50604
14680,49538,51654
14681,49539,51200
14682,49540,50793
14683,49543,50794
14684,49544,51419
14685,49546,51158
14686,49547,51258
14687,49548,50734
14688,49549,51575
14689,49551,51199
14690,49552,50639
14691,49553,50733
14692,49554,51870
14693,49559,51366
14694,49560,50739
14695,49561,50441
14696,49562,50703
14697,49563,51115
14698,49565,51101
14699,49566,51647
14700,49567,50611
14701,49568,50617
14702,49570,50612
14703,49571,50628
14704,49573,51465
14705,49574,50016
14706,49575,51052
14707,49576,50841
14708,49577,50649
14709,49578,50873
14710,49580,50765
14711,49581,51620
14712,49583,50654
14713,49584,51884
14714,49585,50665
14715,49587,51901
14716,49588,51626
14717,49589,50827
14718,49592,51641
14719,49594,50155
14720,49597,50718
14721,49599,50721
14722,49600,50723
14723,49601,51734
14724,49602,51666
14725,49603,50964
14726,49604,50026
14727,49606,51472
14728,49607,50676
14729,49609,51028
14730,49612,50107
14731,49613,50128
14732,49614,50749
14733,49617,51504
14734,49618,50946
14735,49619,50855
14736,49622,51639
14737,49623,51121
14738,49626,50864
14739,49627,50430
14740,49628,50582
14741,49629,51948
14742,49630,51883
14743,49632,50889
14744,49633,50983
14745,49634,51191
14746,49635,51617
14747,49636,51016
14748,49637,50362
14749,49639,50992
14750,49640,50217
14751,49641,50714
14752,49642,51628
14753,49643,50866
14754,49644,51480
14755,49646,51526
14756,49647,51008
14757,49648,50696
14758,49649,51643
14759,49650,51644
14760,49652,51024
14761,49653,51494
14762,49654,50702
14763,49655,51001
14764,49656,51027
14765,49657,51657
14766,49660,50894
14767,49661,51038
14768,49662,50997
14769,49663,51156
14770,49664,50849
14771,49665,50853
14772,49666,50910
14773,49668,51254
14774,49669,50858
14775,49670,51264
14776,49671,50914
14777,49672,50882
14778,49673,51355
14779,49674,51635
14780,49675,51309
14781,49676,51636
14782,49677,50905
14783,49678,50919
14784,49679,50923
14785,49680,50807
14786,49681,51373
14787,49682,51877
14788,49683,50974
14789,49684,50820
14790,49686,51554
14791,49687,51834
14792,49688,50810
14793,49689,50816
14794,49690,50811
14795,49691,50981
14796,49692,50931
14797,49693,51638
14798,49697,51673
14799,49698,50941
14800,49699,51534
14801,49701,50830
14802,49703,50908
14803,49704,50757
14804,49705,49995
14805,49706,51481
14806,49707,51220
14807,49710,51071
14808,49711,50229
14809,49712,50955
14810,49715,51601
14811,49717,50856
14812,49718,51380
14813,49719,51545
14814,49720,50961
14815,49721,51222
14816,49722,50859
14817,49723,51718
14818,49724,50993
14819,49725,51770
14820,49727,50922
14821,49729,50504
14822,49731,50823
14823,49732,51483
14824,49733,51496
14825,49734,51002
14826,49736,51519
14827,49737,50975
14828,49740,51753
14829,49741,51754
14830,49743,50870
14831,49744,50985
14832,49745,51019
14833,49746,51063
14834,49747,51043
14835,49748,51609
14836,49750,51506
14837,49751,50876
14838,49752,51678
14839,49753,50878
14840,49754,50832
14841,49756,50498
14842,49757,51515
14843,49760,51226
14844,49761,51761
14845,49762,50776
14846,49763,50742
14847,49764,51040
14848,49765,51583
14849,49766,50890
14850,49767,51520
14851,49768,51543
14852,49769,51072
14853,49771,50571
14854,49772,51205
14855,49774,50982
14856,49775,51011
14857,49776,50902
14858,49779,50803
14859,49780,51154
14860,49781,50577
14861,49782,51090
14862,49783,51022
14863,49784,50466
14864,49788,50845
14865,49789,50580
14866,49790,51094
14867,49791,50936
14868,49792,50713
14869,49793,50903
14870,49794,50897
14871,49795,51464
14872,49796,51031
14873,49797,50990
14874,49798,51035
14875,49799,51114
14876,49800,50789
14877,49801,51037
14878,49802,50815
14879,49803,50884
14880,49804,50885
14881,49805,51358
14882,49807,51048
14883,49808,51033
14884,49809,50963
14885,49810,51050
14886,49811,51182
14887,49812,51674
14888,49813,50826
14889,49816,50289
14890,49817,51539
14891,49819,51530
14892,49822,51061
14893,49823,50925
14894,49824,51689
14895,49826,50927
14896,49827,51357
14897,49828,50899
14898,49830,51595
14899,49833,50951
14900,49834,50952
14901,49835,51693
14902,49836,51076
14903,49837,50969
14904,49838,51053
14905,49839,51495
14906,49842,50932
14907,49843,50909
14908,49844,51085
14909,49845,51018
14910,49847,51697
14911,49848,50996
14912,49849,51026
14913,49850,51703
14914,49851,50984
14915,49852,51321
14916,49855,50888
14917,49858,50874
14918,49860,51670
14919,49864,51604
14920,49865,50648
14921,49866,51106
14922,49869,50904
14923,49870,51369
14924,49871,51456
14925,49872,51736
14926,49875,51119
14927,49876,50930
14928,49877,51118
14929,49878,50940
14930,49879,50965
14931,49881,51568
14932,49884,51152
14933,49885,50499
14934,49886,50837
14935,49887,51049
14936,49888,51586
14937,49890,51588
14938,49891,51136
14939,49892,51282
14940,49893,51424
14941,49896,51137
14942,49897,51603
14943,49898,51451
14944,49899,50511
14945,49900,50986
14946,49901,51742
14947,49902,51077
14948,49903,51141
14949,49904,50799
14950,49905,50027
14951,49906,51145
14952,49907,50230
14953,49908,50081
14954,49909,51009
14955,49910,51206
14956,49911,52079
14957,49912,50482
14958,49913,51731
14959,49914,51454
14960,49915,51525
14961,49918,51662
14962,49920,51471
14963,49922,51240
14964,49923,51243
14965,49924,51840
14966,49925,51245
14967,49926,51652
14968,49927,51252
14969,49928,50445
14970,49929,51482
14971,49930,51257
14972,49931,51172
14973,49932,50544
14974,49933,51263
14975,49935,51265
14976,49936,50861
14977,49937,51421
14978,49938,51246
14979,49940,51597
14980,49941,51335
14981,49943,51680
14982,49944,51501
14983,49945,51174
14984,49946,51891
14985,49947,51196
14986,49948,51300
14987,49949,50363
14988,49951,51315
14989,49953,51343
14990,49954,51799
14991,49955,51314
14992,49956,51353
14993,49957,51202
14994,49958,51851
14995,49959,51313
14996,49960,51328
14997,49961,51208
14998,49963,50393
14999,49965,51365
15000,49967,51337
15001,49968,50298
15002,49969,51189
15003,49970,51653
15004,49971,50523
15005,49972,51232
15006,49973,51218
15007,49974,51925
15008,49975,51098
15009,49977,51237
15010,49979,51696
15011,49980,51936
15012,49981,51162
15013,49982,50418
15014,49983,50747
15015,49984,51434
15016,49985,51164
15017,49986,51175
15018,49989,50667
15019,49990,50911
15020,49991,51168
15021,49992,51123
15022,49993,51748
15023,49994,51169
15024,49996,50311
15025,49997,50928
15026,49998,51775
15027,49999,51187
15028,50000,51359
15029,50001,51102
15030,50002,51405
15031,50003,51399
15032,50004,51221
15033,50007,51228
15034,50009,51861
15035,50011,51180
15036,50013,50653
15037,50014,51268
15038,50015,50949
15039,50017,51422
15040,50019,51184
15041,50020,51275
15042,50022,51173
15043,50023,50646
15044,50024,51130
15045,50025,50972
15046,50028,51361
15047,50029,51283
15048,50030,51280
15049,50031,51721
15050,50034,51303
15051,50036,51304
15052,50037,51453
15053,50038,51450
15054,50039,51122
15055,50040,51607
15056,50041,51406
15057,50042,51484
15058,50043,51395
15059,50044,51140
15060,50045,50772
15061,50046,51149
15062,50047,50213
15063,50048,51212
15064,50049,51194
15065,50050,50459
15066,50051,51298
15067,50052,51299
15068,50053,51665
15069,50054,51302
15070,50056,51896
15071,50058,51306
15072,50059,51207
15073,50060,51874
15074,50061,51230
15075,50062,51427
15076,50063,51216
15077,50065,51290
15078,50066,50777
15079,50067,51165
15080,50068,51201
15081,50069,51178
15082,50070,51790
15083,50071,51400
15084,50072,51909
15085,50073,51320
15086,50074,51640
15087,50075,51129
15088,50076,51336
15089,50077,51323
15090,50078,50519
15091,50083,51236
15092,50084,51905
15093,50086,51334
15094,50087,51767
15095,50088,51213
15096,50090,51215
15097,50091,51338
15098,50092,50614
15099,50093,51151
15100,50094,51217
15101,50095,51341
15102,50096,51785
15103,50097,51153
15104,50099,51928
15105,50100,50939
15106,50101,51347
15107,50102,51348
15108,50103,51219
15109,50104,51605
15110,50105,51470
15111,50108,51179
15112,50111,51386
15113,50113,50725
15114,50114,51492
15115,50115,51324
15116,50116,51783
15117,50117,51039
15118,50118,50597
15119,50121,51382
15120,50122,51569
15121,50123,50666
15122,50124,51415
15123,50127,51186
15124,50129,51192
15125,50131,51850
15126,50133,51378
15127,50134,50613
15128,50135,51241
15129,50136,50688
15130,50137,51410
15131,50139,50976
15132,50140,51083
15133,50141,51393
15134,50142,51292
15135,50143,51383
15136,50144,51291
15137,50146,51397
15138,50147,51389
15139,50148,50423
15140,50149,50566
15141,50150,51394
15142,50151,51403
15143,50152,50720
15144,50153,51317
15145,50154,51792
15146,50156,51333
15147,50157,51091
15148,50158,51370
15149,50160,50863
15150,50161,51312
15151,50162,51078
15152,50163,51687
15153,50165,51096
15154,50167,50717
15155,50168,51677
15156,50169,51679
15157,50170,50610
15158,50174,50592
15159,50175,50950
15160,50176,50636
15161,50177,50594
15162,50178,51360
15163,50179,51327
15164,50180,51273
15165,50182,50977
15166,50183,50547
15167,50187,51655
15168,50189,51435
15169,50190,51030
15170,50191,51235
15171,50192,51445
15172,50193,51449
15173,50194,51293
15174,50195,51120
15175,50196,51070
15176,50197,51863
15177,50198,51695
15178,50199,51486
15179,50200,50880
15180,50201,51177
15181,50202,51746
15182,50203,51266
15183,50205,51269
15184,50206,51271
15185,50210,50924
15186,50211,51253
15187,50214,51702
15188,50215,50559
15189,50218,51429
15190,50219,51407
15191,50220,51308
15192,50221,51351
15193,50225,50678
15194,50227,50857
15195,50228,51468
15196,50231,51099
15197,50232,50843
15198,50233,51088
15199,50234,51550
15200,50237,50871
15201,50238,51239
15202,50239,51474
15203,50240,51664
15204,50241,50751
15205,50242,51578
15206,50243,51440
15207,50244,51576
15208,50245,51577
15209,50246,51634
15210,50247,50638
15211,50248,51176
15212,50249,51413
15213,50251,51590
15214,50252,51279
15215,50253,51500
15216,50254,51715
15217,50255,51600
15218,50256,51055
15219,50257,51286
15220,50259,51160
15221,50260,51503
15222,50261,50872
15223,50262,51296
15224,50263,51627
15225,50264,51244
15226,50266,50681
15227,50267,51631
15228,50268,51517
15229,50269,51619
15230,50270,51523
15231,50271,51663
15232,50272,51707
15233,50273,50898
15234,50274,50763
15235,50276,51463
15236,50277,51796
15237,50281,51155
15238,50282,51637
15239,50283,51354
15240,50288,51867
15241,50290,50692
15242,50291,50691
15243,50292,50840
15244,50294,51229
15245,50295,51589
15246,50296,51513
15247,50297,51514
15248,50300,51555
15249,50302,51416
15250,50303,51374
15251,50304,51475
15252,50305,51065
15253,50307,51346
15254,50308,51438
15255,50309,51479
15256,50310,51262
15257,50312,51170
15258,50314,51535
15259,50315,51572
15260,50316,51553
15261,50318,50732
15262,50319,51487
15263,50320,51441
15264,50321,51488
15265,50322,50634
15266,50323,51250
15267,50324,51349
15268,50326,51614
15269,50327,50601
15270,50328,51075
15271,50329,51443
15272,50330,51267
15273,50331,51181
15274,50332,51585
15275,50333,50966
15276,50335,50968
15277,50336,51493
15278,50337,51704
15279,50338,51688
15280,50339,51423
15281,50341,51385
15282,50342,51185
15283,50343,51596
15284,50345,51062
15285,50346,51879
15286,50347,51602
15287,50348,50655
15288,50349,51139
15289,50351,51606
15290,50352,51887
15291,50353,51610
15292,50354,51611
15293,50356,51570
15294,50357,50987
15295,50358,51396
15296,50360,51531
15297,50361,51161
15298,50364,51622
15299,50365,51197
15300,50366,51923
15301,50367,51624
15302,50369,50608
15303,50370,51203
15304,50371,51491
15305,50372,50595
15306,50374,51398
15307,50375,51516
15308,50376,51633
15309,50377,51003
15310,50378,50778
15311,50379,51499
15312,50380,51518
15313,50381,50574
15314,50382,51509
15315,50385,51058
15316,50386,51548
15317,50389,50573
15318,50390,51524
15319,50391,51460
15320,50392,51502
15321,50395,51332
15322,50396,51408
15323,50398,51527
15324,50399,51629
15325,50401,50729
15326,50402,51528
15327,50403,51574
15328,50404,51529
15329,50405,51710
15330,50406,51711
15331,50410,51344
15332,50411,51661
15333,50412,51859
15334,50413,51108
15335,50414,50554
15336,50415,51157
15337,50416,51559
15338,50417,51489
15339,50425,51105
15340,50426,50737
15341,50427,51274
15342,50431,51776
15343,50432,51758
15344,50435,51404
15345,50437,51231
15346,50439,51608
15347,50440,51752
15348,50442,51247
15349,50443,51381
15350,50444,51375
15351,50448,51107
15352,50451,51084
15353,50453,51278
15354,50455,51080
15355,50456,51379
15356,50457,51210
15357,50458,51242
15358,50460,51625
15359,50462,51632
15360,50463,51089
15361,50464,51573
15362,50465,51612
15363,50467,51651
15364,50468,51656
15365,50470,51284
15366,50471,51412
15367,50472,51046
15368,50474,51249
15369,50475,51547
15370,50476,51147
15371,50477,51311
15372,50480,50980
15373,50486,51467
15374,50489,51557
15375,50490,51759
15376,50491,51915
15377,50492,50937
15378,50493,50953
15379,50494,51593
15380,50495,51439
15381,50496,51957
15382,50497,51744
15383,50500,51188
15384,50501,51862
15385,50502,51051
15386,50503,51616
15387,50506,51740
15388,50507,51276
15389,50508,51261
15390,50512,51613
15391,50516,51000
15392,50517,51325
15393,50518,51764
15394,50525,51766
15395,50529,51041
15396,50530,51771
15397,50531,51551
15398,50534,50846
15399,50535,50869
15400,50536,51166
15401,50537,51844
15402,50539,50850
15403,50540,51849
15404,50541,51068
15405,50543,51743
15406,50545,50956
15407,50546,51860
15408,50548,51866
15409,50551,51552
15410,50552,51387
15411,50558,51288
15412,50563,51505
15413,50567,50967
15414,50568,51920
15415,50570,51916
15416,50572,50917
15417,50575,50892
15418,50576,51209
15419,50578,51211
15420,50579,51918
15421,50581,51922
15422,50583,51800
15423,50585,51411
15424,50588,51802
15425,50589,51934
15426,50590,51538
15427,50591,51852
15428,50593,51865
15429,50596,51675
15430,50599,51204
15431,50600,51900
15432,50602,51902
15433,50605,51233
15434,50618,51562
15435,50619,51563
15436,50621,50942
15437,50622,51774
15438,50623,51908
15439,50624,50944
15440,50625,51824
15441,50626,51810
15442,50627,51377
15443,50630,51391
15444,50633,51779
15445,50635,51659
15446,50637,50959
15447,50640,51815
15448,50643,51556
15449,50647,51951
15450,50650,51594
15451,50652,51599
15452,50657,51885
15453,50658,51831
15454,50659,51872
15455,50660,51183
15456,50669,51924
15457,50671,51650
15458,50674,51786
15459,50675,51714
15460,50682,51825
15461,50685,51793
15462,50689,51004
15463,50693,51789
15464,50694,51007
15465,50698,51919
15466,50706,51794
15467,50708,50934
15468,50709,51795
15469,50710,51564
15470,50711,51797
15471,50712,51798
15472,50716,51926
15473,50719,51927
15474,50722,51256
15475,50724,51281
15476,50726,51930
15477,50727,51803
15478,50731,51319
15479,50740,50979
15480,50744,51935
15481,50750,51066
15482,50756,51074
15483,50758,51420
15484,50759,51425
15485,50760,51444
15486,50761,51270
15487,50766,51498
15488,50768,51888
15489,50773,51784
15490,50774,51142
15491,50781,51521
15492,50783,51329
15493,50785,51648
15494,50791,51350
15495,50792,51667
15496,50798,51384
15497,50802,51962
15498,50805,51769
15499,50806,51490
15500,50809,51737
15501,50814,51125
15502,50819,50960
15503,50829,51755
15504,50834,51760
15505,50835,51426
15506,50838,51414
15507,50839,51005
15508,50851,51376
15509,50854,51701
15510,50860,51777
15511,50865,51132
15512,50895,51367
15513,50906,51159
15514,50912,51668
15515,50913,51567
15516,50915,51581
15517,50916,51630
15518,50918,51316
15519,50920,51326
15520,50926,51858
15521,50929,51536
15522,50938,51772
15523,50945,51537
15524,50947,51541
15525,50948,51255
15526,50954,51392
15527,50971,51297
15528,50999,51542
15529,51013,51227
15530,51014,51682
15531,51025,51428
15532,51056,52117
15533,51057,51225
15534,51069,51587
15535,51079,51544
15536,51081,51352
15537,51087,51540
15538,51093,51747
15539,51100,51549
15540,51110,51984
15541,51111,51903
15542,51128,51946
15543,51131,51751
15544,51148,51964
15545,51163,51690
15546,50258,51190
15547,51294,51904
15548,51305,51455
15549,51368,51912
15550,51457,51983
15551,51608,51716
15552,51661,51720
15553,51400,51723
15554,51018,51724
15555,50687,51728
15556,51405,51730
15557,50972,51749
15558,50004,51813
15559,51594,51818
15560,50030,51819
15561,51324,51822
15562,50065,51827
15563,50103,51830
15564,51046,51832
15565,49690,51838
15566,51319,51841
15567,51385,51842
15568,51168,51846
15569,49553,51853
15570,50918,51876
15571,51512,51894
15572,50167,51933
15573,50285,51937
15574,50813,51941
15575,49351,51961
15576,51013,51963
15577,49501,51969
15578,51002,51971
15579,51606,51973
15580,50300,51978
15581,51553,51980
15582,49583,51981
15583,51929,51990
15584,48394,51999
15585,51167,52018
15586,51500,52024
15587,50194,52029
15588,50326,52031
15589,51643,52038
15590,51048,52053
15591,50674,52056
15592,49797,52074
15593,51859,52086
15594,50826,52100
15595,51891,52101
15596,49763,52106
15597,52148,54692
15598,52149,53168
15599,52150,54324
15600,52167,53328
15601,52178,53256
15602,52186,53193
15603,52224,53035
15604,52237,53556
15605,52239,54664
15606,52264,52943
15607,52282,52668
15608,52336,52674
15609,52350,52861
15610,52370,52895
15611,52371,53249
15612,52382,53181
15613,52418,53144
15614,52425,52708
15615,52439,53562
15616,52447,53268
15617,52454,53234
15618,52467,52577
15619,52527,52929
15620,52539,54426
15621,52571,53192
15622,52601,53153
15623,52612,54987
15624,52615,53166
15625,52626,54393
15626,52643,53149
15627,52644,55744
15628,52650,54718
15629,52676,54083
15630,52678,53018
15631,52705,52963
15632,52710,55336
15633,52714,54080
15634,52718,54084
15635,52721,53947
15636,52728,54096
15637,52734,56083
15638,52738,55901
15639,52744,54053
15640,52752,54565
15641,52753,54677
15642,52757,54089
15643,52758,54638
15644,52762,55189
15645,52763,53989
15646,52766,54093
15647,52767,54095
15648,52773,53260
15649,52782,54085
15650,52805,55890
15651,52808,55003
15652,52812,54048
15653,52819,54981
15654,52821,54982
15655,52822,54535
15656,52824,54983
15657,52830,53746
15658,52831,55605
15659,52836,53808
15660,52844,53714
15661,52845,54963
15662,52856,54088
15663,52857,54989
15664,52863,53791
15665,52865,55874
15666,52877,54995
15667,52892,54984
15668,52900,53988
15669,52901,55202
15670,52904,55584
15671,52905,54817
15672,52911,55289
15673,52933,55434
15674,52936,54985
15675,52956,53164
15676,52962,55905
15677,52977,55926
15678,52990,55961
15679,52991,55956
15680,53016,54708
15681,53026,56042
15682,53032,55755
15683,53048,56066
15684,53079,54709
15685,53086,56037
15686,53099,53767
15687,53104,53451
15688,53108,55948
15689,53111,53733
15690,53176,55857
15691,53188,55910
15692,53196,55537
15693,53206,55869
15694,53214,55227
15695,53222,54584
15696,53236,55327
15697,53252,55883
15698,53282,54402
15699,53327,55581
15700,53370,55922
15701,53380,55885
15702,53382,55870
15703,53385,55616
15704,53390,55873
15705,53406,55824
15706,53420,54287
15707,53431,54539
15708,53459,55903
15709,53461,53723
15710,53462,55860
15711,53463,55918
15712,53491,55987
15713,53506,55554
15714,53513,55560
15715,53515,55158
15716,53524,56079
15717,53546,54872
15718,53561,53794
15719,53572,53780
15720,53574,56048
15721,53576,55899
15722,53577,56059
15723,53580,55939
15724,53581,55886
15725,53582,55342
15726,53583,54531
15727,53584,55548
15728,53585,55538
15729,53587,55368
15730,53588,55929
15731,53590,55226
15732,53591,55217
15733,53592,54506
15734,53593,56256
15735,53594,56276
15736,53595,55340
15737,53598,55721
15738,53601,54745
15739,53603,54730
15740,53608,55587
15741,53609,54818
15742,53611,54736
15743,53612,54738
15744,53613,56107
15745,53614,54739
15746,53616,55871
15747,53618,55935
15748,53619,54857
15749,53622,55053
15750,53623,54959
15751,53628,54837
15752,53629,55891
15753,53630,54653
15754,53631,55455
15755,53632,55914
15756,53633,54843
15757,53634,54935
15758,53635,56063
15759,53636,54681
15760,53638,55359
15761,53640,55662
15762,53641,55767
15763,53642,54862
15764,53646,55919
15765,53648,55904
15766,53649,54797
15767,53650,55404
15768,53651,54833
15769,53652,54754
15770,53654,55485
15771,53656,54502
15772,53657,55668
15773,53658,54710
15774,53659,55490
15775,53660,55694
15776,53662,54588
15777,53663,56257
15778,53666,54884
15779,53667,55144
15780,53668,54886
15781,53669,55679
15782,53670,54768
15783,53671,55544
15784,53673,54771
15785,53674,54896
15786,53676,55200
15787,53677,55201
15788,53678,56274
15789,53680,54808
15790,53681,55687
15791,53683,54774
15792,53686,55689
15793,53687,55972
15794,53689,55215
15795,53690,55522
15796,53692,55807
15797,53693,55220
15798,53694,54479
15799,53695,54914
15800,53697,54854
15801,53699,55907
15802,53700,55888
15803,53701,55927
15804,53702,54749
15805,53704,54928
15806,53705,54690
15807,53707,55416
15808,53710,54529
15809,53711,55394
15810,53715,55468
15811,53716,55512
15812,53717,55800
15813,53719,55403
15814,53721,55261
15815,53722,56218
15816,53724,55116
15817,53727,55211
15818,53728,56202
15819,53731,54923
15820,53735,54822
15821,53736,54824
15822,53737,54889
15823,53739,55351
15824,53740,55051
15825,53745,54955
15826,53747,54839
15827,53748,54978
15828,53750,55768
15829,53752,54856
15830,53753,54962
15831,53754,54858
15832,53755,54859
15833,53757,54960
15834,53758,55817
15835,53759,55783
15836,53760,55179
15837,53761,54639
15838,53762,55042
15839,53763,54967
15840,53764,55190
15841,53765,55193
15842,53766,55163
15843,53768,56208
15844,53771,56216
15845,53772,54844
15846,53773,54910
15847,53774,55825
15848,53775,54785
15849,53776,54787
15850,53778,56278
15851,53779,54721
15852,53781,55531
15853,53782,54793
15854,53783,55598
15855,53785,54637
15856,53786,55850
15857,53787,55847
15858,53789,54257
15859,53792,54992
15860,53795,54671
15861,53797,55713
15862,53798,54805
15863,53800,56096
15864,53801,54849
15865,53802,54931
15866,53803,55237
15867,53804,55562
15868,53805,54051
15869,53807,54546
15870,53809,55563
15871,53810,54846
15872,53812,55169
15873,53814,54861
15874,53817,56060
15875,53819,55794
15876,53821,55628
15877,53822,54997
15878,53824,54988
15879,53825,54090
15880,53827,55333
15881,53828,54801
15882,53829,54979
15883,53830,54810
15884,53832,55036
15885,53833,54809
15886,53838,54950
15887,53840,55065
15888,53841,55141
15889,53842,54961
15890,53845,55845
15891,53846,54746
15892,53847,54920
15893,53848,55692
15894,53849,56052
15895,53850,54825
15896,53851,55771
15897,53852,55174
15898,53853,55134
15899,53854,55082
15900,53855,54969
15901,53856,54860
15902,53858,55100
15903,53860,55246
15904,53862,55239
15905,53863,55362
15906,53864,55233
15907,53865,54966
15908,53866,55805
15909,53867,55814
15910,53868,55083
15911,53870,55272
15912,53871,55878
15913,53872,55198
15914,53873,54970
15915,53874,55081
15916,53875,55384
15917,53876,54902
15918,53877,55159
15919,53878,55214
15920,53879,55187
15921,53880,55181
15922,53881,55376
15923,53883,55222
15924,53884,55234
15925,53885,55224
15926,53886,54919
15927,53887,55127
15928,53888,55114
15929,53889,54497
15930,53890,55231
15931,53892,55429
15932,53893,55749
15933,53894,55426
15934,53895,55657
15935,53896,55396
15936,53897,55175
15937,53898,55496
15938,53899,55795
15939,53900,55499
15940,53901,55389
15941,53902,55184
15942,53903,55408
15943,53904,55031
15944,53906,55410
15945,53907,55008
15946,53908,55119
15947,53909,54726
15948,53912,54740
15949,53913,55002
15950,53914,55647
15951,53915,55257
15952,53916,55064
15953,53917,55702
15954,53919,55044
15955,53920,55393
15956,53921,55133
15957,53923,54387
15958,53924,55236
15959,53925,55280
15960,53926,55139
15961,53927,55208
15962,53929,54354
15963,53930,54827
15964,53931,55150
15965,53933,55147
15966,53934,55263
15967,53936,55306
15968,53937,55675
15969,53938,55038
15970,53939,55395
15971,53940,55154
15972,53941,55137
15973,53943,55606
15974,53944,54700
15975,53945,55658
15976,53946,54146
15977,53948,54853
15978,53950,54748
15979,53952,54270
15980,53953,54847
15981,53955,55314
15982,53957,55153
15983,53958,55591
15984,53959,55173
15985,53960,55111
15986,53961,55195
15987,53962,55176
15988,53963,55018
15989,53964,55121
15990,53966,55245
15991,53967,55487
15992,53968,55321
15993,53969,55069
15994,53971,54755
15995,53972,54873
15996,53973,55623
15997,53974,55160
15998,53975,55094
15999,53976,55618
16000,53977,55676
16001,53978,55400
16002,53979,55796
16003,53981,54965
16004,53983,55278
16005,53984,55145
16006,53986,55020
16007,53987,55709
16008,53990,55808
16009,53992,54480
16010,53993,55199
16011,53994,55097
16012,53995,55274
16013,53997,55710
16014,53998,55024
16015,54001,55206
16016,54002,55516
16017,54003,54775
16018,54004,54304
16019,54005,55212
16020,54006,55517
16021,54009,55071
16022,54010,55521
16023,54011,55277
16024,54013,55089
16025,54014,55072
16026,54015,55524
16027,54016,55092
16028,54018,55818
16029,54021,55095
16030,54022,54788
16031,54023,54921
16032,54024,54499
16033,54025,56057
16034,54026,54977
16035,54027,55637
16036,54028,55066
16037,54030,55398
16038,54031,55032
16039,54032,55294
16040,54033,54458
16041,54035,55103
16042,54036,55138
16043,54037,54848
16044,54038,55780
16045,54039,55074
16046,54040,55085
16047,54041,55540
16048,54042,55546
16049,54043,55684
16050,54044,55104
16051,54045,55715
16052,54046,55230
16053,54047,55392
16054,54049,55258
16055,54052,54545
16056,54054,55254
16057,54055,55269
16058,54057,55128
16059,54058,54403
16060,54059,55260
16061,54060,55273
16062,54061,55262
16063,54062,55178
16064,54063,55491
16065,54064,55247
16066,54066,55271
16067,54068,55276
16068,54070,55633
16069,54072,55555
16070,54075,54945
16071,54076,55345
16072,54077,55536
16073,54086,56050
16074,54087,54448
16075,54091,55501
16076,54098,55405
16077,54101,55415
16078,54102,55463
16079,54103,55162
16080,54104,55436
16081,54105,55303
16082,54107,55304
16083,54108,55583
16084,54109,55155
16085,54110,55454
16086,54111,55456
16087,54113,55610
16088,54114,55412
16089,54115,55488
16090,54117,55474
16091,54119,55318
16092,54120,55244
16093,54122,54586
16094,54123,55790
16095,54125,55574
16096,54126,55543
16097,54127,54714
16098,54128,54897
16099,54129,55331
16100,54130,55826
16101,54131,55827
16102,54133,55313
16103,54134,55337
16104,54135,55497
16105,54136,55419
16106,54137,55409
16107,54138,54508
16108,54139,54510
16109,54140,55532
16110,54141,55421
16111,54143,55420
16112,54144,55442
16113,54145,55553
16114,54147,55737
16115,54148,55635
16116,54150,55435
16117,54151,55441
16118,54152,55547
16119,54153,55446
16120,54154,55447
16121,54155,54596
16122,54157,55453
16123,54158,54554
16124,54160,54560
16125,54163,55652
16126,54164,55341
16127,54165,55366
16128,54166,55319
16129,54167,55570
16130,54168,54614
16131,54169,55067
16132,54170,54728
16133,54171,54615
16134,54173,55494
16135,54175,54609
16136,54177,55503
16137,54178,54968
16138,54181,55377
16139,54182,54601
16140,54184,55509
16141,54185,55383
16142,54186,55375
16143,54189,55519
16144,54190,54491
16145,54191,55525
16146,54193,55338
16147,54194,55526
16148,54195,55528
16149,54196,55529
16150,54197,54836
16151,54198,54870
16152,54199,54735
16153,54200,54683
16154,54201,55504
16155,54202,55498
16156,54203,55284
16157,54204,54786
16158,54205,55785
16159,54206,55295
16160,54207,55458
16161,54208,55413
16162,54209,55414
16163,54210,55180
16164,54213,55859
16165,54214,55344
16166,54215,54500
16167,54216,55354
16168,54217,55698
16169,54219,54813
16170,54220,55347
16171,54221,55348
16172,54222,55299
16173,54223,55921
16174,54224,55349
16175,54226,54528
16176,54228,55481
16177,54229,55350
16178,54230,55600
16179,54232,55438
16180,54233,55440
16181,54234,55019
16182,54235,54657
16183,54236,55654
16184,54237,55352
16185,54238,55353
16186,54239,55443
16187,54240,54484
16188,54241,55450
16189,54242,55451
16190,54243,55452
16191,54244,55865
16192,54245,55102
16193,54247,55462
16194,54248,55309
16195,54250,55312
16196,54251,55229
16197,54253,55661
16198,54254,55361
16199,54256,55470
16200,54258,55472
16201,54259,54752
16202,54260,55315
16203,54261,55357
16204,54262,55379
16205,54263,55743
16206,54264,55439
16207,54265,55477
16208,54266,55514
16209,54267,55480
16210,54268,55311
16211,54273,55090
16212,54274,55371
16213,54277,55399
16214,54279,54475
16215,54280,55478
16216,54281,55428
16217,54282,55075
16218,54284,55401
16219,54286,55853
16220,54288,55407
16221,54289,55250
16222,54290,55682
16223,54293,55380
16224,54294,55511
16225,54297,55515
16226,54298,55209
16227,54299,55385
16228,54300,55386
16229,54301,55449
16230,54305,55077
16231,54306,55129
16232,54307,54909
16233,54308,54826
16234,54309,54974
16235,54310,55391
16236,54312,55523
16237,54313,54874
16238,54314,55334
16239,54316,54918
16240,54317,55370
16241,54318,55527
16242,54319,55699
16243,54320,55388
16244,54321,55700
16245,54322,55887
16246,54323,55322
16247,54325,55533
16248,54326,54627
16249,54328,55641
16250,54330,54737
16251,54331,54731
16252,54332,54916
16253,54333,55604
16254,54334,55433
16255,54335,55287
16256,54336,55363
16257,54337,54865
16258,54338,55059
16259,54339,55541
16260,54341,54743
16261,54342,55900
16262,54343,55291
16263,54344,54834
16264,54345,54744
16265,54346,55620
16266,54348,55550
16267,54352,55259
16268,54353,55048
16269,54355,55589
16270,54357,54723
16271,54358,55558
16272,54359,55559
16273,54361,55356
16274,54362,55756
16275,54363,55265
16276,54364,55561
16277,54365,55764
16278,54366,55167
16279,54367,55933
16280,54368,55566
16281,54369,55240
16282,54370,55775
16283,54371,55706
16284,54372,55624
16285,54373,55228
16286,54374,55575
16287,54375,55813
16288,54376,56027
16289,54377,55381
16290,54378,55568
16291,54379,54780
16292,54380,55219
16293,54381,55279
16294,54382,55884
16295,54384,55831
16296,54386,54996
16297,54388,55539
16298,54389,54898
16299,54390,55507
16300,54391,55172
16301,54397,55759
16302,54398,54946
16303,54399,55718
16304,54400,55724
16305,54404,54957
16306,54405,55157
16307,54406,55010
16308,54408,55411
16309,54409,54591
16310,54411,55766
16311,54412,55770
16312,54413,55171
16313,54414,55619
16314,54416,55773
16315,54417,55418
16316,54418,55779
16317,54421,55876
16318,54422,55186
16319,54423,55270
16320,54424,55966
16321,54425,55207
16322,54429,55820
16323,54430,55632
16324,54433,55833
16325,54434,55582
16326,54435,55716
16327,54436,54806
16328,54437,55663
16329,54438,55643
16330,54439,55727
16331,54440,55840
16332,54441,55535
16333,54442,55811
16334,54443,55823
16335,54444,55736
16336,54445,56030
16337,54446,55670
16338,54447,55704
16339,54449,55834
16340,54451,55758
16341,54452,55656
16342,54453,55705
16343,54454,55358
16344,54455,55693
16345,54456,55466
16346,54457,55520
16347,54460,55253
16348,54461,55803
16349,54462,54917
16350,54463,55567
16351,54464,55365
16352,54465,55569
16353,54466,55651
16354,54467,55753
16355,54468,55781
16356,54469,55339
16357,54470,55571
16358,54471,55791
16359,54472,55717
16360,54473,55792
16361,54474,55248
16362,54477,55275
16363,54478,54598
16364,54481,55402
16365,54485,54770
16366,54486,55815
16367,54487,55816
16368,54488,55685
16369,54489,55686
16370,54490,55829
16371,54492,55830
16372,54493,55722
16373,54494,55142
16374,54495,55728
16375,54496,55837
16376,54498,54949
16377,54501,54753
16378,54503,55645
16379,54504,55639
16380,54505,55714
16381,54507,55673
16382,54509,56009
16383,54511,55719
16384,54512,55720
16385,54514,55599
16386,54515,55697
16387,54516,55255
16388,54517,55646
16389,54518,55691
16390,54519,55564
16391,54522,55573
16392,54523,55649
16393,54524,55614
16394,54525,55838
16395,54527,55735
16396,54532,56142
16397,54534,55732
16398,54536,55806
16399,54537,55742
16400,54538,55601
16401,54540,55479
16402,54541,56105
16403,54542,55745
16404,54543,55556
16405,54549,55678
16406,54550,55750
16407,54551,55844
16408,54553,55754
16409,54555,55659
16410,54556,55757
16411,54557,55867
16412,54559,55310
16413,54561,55690
16414,54562,55565
16415,54563,55711
16416,54564,55615
16417,54568,55660
16418,54569,55617
16419,54572,55772
16420,54574,55267
16421,54575,55422
16422,54576,56065
16423,54577,55776
16424,54578,55777
16425,54579,55778
16426,54580,56069
16427,54581,55585
16428,54582,55665
16429,54587,55622
16430,54589,55672
16431,54590,55674
16432,54593,55799
16433,54594,55801
16434,54595,55608
16435,54597,55804
16436,54603,56092
16437,54604,55821
16438,54605,55664
16439,54606,55576
16440,54608,55934
16441,54610,55683
16442,54611,55382
16443,54612,55784
16444,54613,55752
16445,54616,54908
16446,54617,55828
16447,54618,54975
16448,54619,55882
16449,54620,55695
16450,54621,55751
16451,54622,55636
16452,54624,55701
16453,54625,55000
16454,54628,55696
16455,54629,55640
16456,54631,55723
16457,54634,54815
16458,54636,55613
16459,54642,55542
16460,54645,55858
16461,54646,55027
16462,54647,55836
16463,54648,55862
16464,54650,55557
16465,54651,55866
16466,54652,55863
16467,54654,55464
16468,54655,55872
16469,54656,55505
16470,54658,55492
16471,54659,55502
16472,54660,55877
16473,54662,55681
16474,54663,55875
16475,54666,56136
16476,54667,55578
16477,54668,55594
16478,54670,55879
16479,54672,55588
16480,54673,55467
16481,54674,55726
16482,54675,55861
16483,54676,55430
16484,54682,55761
16485,54686,55197
16486,54687,55812
16487,54689,55839
16488,54691,55118
16489,54695,55493
16490,54702,55161
16491,54703,55762
16492,54706,55774
16493,54707,55851
16494,54712,55627
16495,54713,55809
16496,54719,55530
16497,54724,56011
16498,54725,55033
16499,54729,56012
16500,54732,55130
16501,54733,56101
16502,54734,56028
16503,54741,55213
16504,54742,55152
16505,54747,55084
16506,54751,55626
16507,54756,55942
16508,54757,56129
16509,54758,55782
16510,54759,55976
16511,54760,55964
16512,54762,55194
16513,54764,55979
16514,54765,55041
16515,54766,56087
16516,54767,56029
16517,54772,55205
16518,54773,56094
16519,54776,56097
16520,54777,56021
16521,54778,55975
16522,54779,55881
16523,54781,55971
16524,54782,55980
16525,54783,56104
16526,54784,55461
16527,54789,55983
16528,54790,55096
16529,54791,55390
16530,54792,56113
16531,54794,56043
16532,54795,56114
16533,54796,55192
16534,54798,56074
16535,54799,55204
16536,54800,56077
16537,54802,55941
16538,54803,55968
16539,54804,55242
16540,54807,56061
16541,54811,55943
16542,54812,55423
16543,54816,55947
16544,54819,55045
16545,54820,55991
16546,54821,55650
16547,54823,55612
16548,54828,55052
16549,54829,55952
16550,54830,55913
16551,54832,55108
16552,54835,55955
16553,54838,56015
16554,54841,55864
16555,54845,55125
16556,54850,55848
16557,54855,55364
16558,54863,55945
16559,54864,55963
16560,54866,55981
16561,54867,55238
16562,54868,56070
16563,54869,55895
16564,54871,55924
16565,54876,56072
16566,54877,56073
16567,54878,55990
16568,54879,55076
16569,54880,55107
16570,54881,56002
16571,54883,55798
16572,54885,55677
16573,54887,55191
16574,54888,55973
16575,54890,55324
16576,54891,56084
16577,54892,55967
16578,54893,55680
16579,54899,55058
16580,54901,55896
16581,54903,56076
16582,54904,55822
16583,54905,55087
16584,54906,56140
16585,54907,56089
16586,54911,56108
16587,54912,56102
16588,54913,56020
16589,54915,55445
16590,54922,56109
16591,54924,55835
16592,54925,55978
16593,54927,55995
16594,54929,55748
16595,54930,55123
16596,54932,55909
16597,54933,55611
16598,54934,55329
16599,54937,55892
16600,54940,56103
16601,54941,56081
16602,54943,55969
16603,54944,55970
16604,54947,55765
16605,54952,55734
16606,54953,55235
16607,54956,56044
16608,54971,55631
16609,54973,55518
16610,54990,55586
16611,54993,55373
16612,54994,55460
16613,54998,56137
16614,55006,56038
16615,55007,56118
16616,55012,55760
16617,55014,55846
16618,55015,55625
16619,55017,55621
16620,55022,55629
16621,55023,55730
16622,55025,56040
16623,55026,56071
16624,55029,56139
16625,55034,55920
16626,55035,55642
16627,55037,55369
16628,55040,55343
16629,55043,55731
16630,55046,55431
16631,55047,55949
16632,55050,55911
16633,55054,55355
16634,55057,55667
16635,55061,55960
16636,55068,56035
16637,55073,55372
16638,55079,55810
16639,55086,55549
16640,55088,55290
16641,55093,55484
16642,55098,55733
16643,55099,55725
16644,55101,55843
16645,55105,55793
16646,55106,55797
16647,55122,55489
16648,55124,55703
16649,55126,55944
16650,55131,55457
16651,55135,55432
16652,55136,55908
16653,55149,55925
16654,55151,55590
16655,55156,55486
16656,55164,55465
16657,55166,55534
16658,55182,55495
16659,55183,55707
16660,55185,55708
16661,55210,55819
16662,55232,55712
16663,55283,55607
16664,55292,55897
16665,55307,55448
16666,55317,56062
16667,55328,55508
16668,55346,56023
16669,55378,56098
16670,55397,55852
16671,55417,55802
16672,55459,55763
16673,55473,55849
16674,55545,55912
16675,55572,56075
16676,55593,56154
16677,55602,55747
16678,55648,56223
16679,55653,55832
16680,55671,56001
16681,55741,55841
16682,55855,56228
16683,52877,55889
16684,54466,55893
16685,53755,55894
16686,54983,55902
16687,54654,55917
16688,55627,55931
16689,55142,55938
16690,55130,55946
16691,54443,55989
16692,55277,56006
16693,55633,56007
16694,53909,56014
16695,55442,56024
16696,52933,56032
16697,53188,56036
16698,54504,56049
16699,54861,56068
16700,55574,56082
16701,54762,56088
16702,54266,56095
16703,54614,56099
16704,55096,56110
16705,54981,56120
16706,55777,56127
16707,55418,56128
16708,55278,56131
16709,54478,56132
16710,54563,56134
16711,53848,56138
16712,53735,56141
16713,54934,56146
16714,54439,56150
16715,55290,56157
16716,54331,56183
16717,56060,56195
16718,54268,56199
16719,55022,56207
16720,55882,56217
16721,55127,56224
16722,55924,56242
16723,55901,56249
16724,55126,56258
16725,55723,56260
16726,54115,56266
16727,55069,56267
16728,54167,56275
16729,56340,56565
16730,56355,57217
16731,56390,56841
16732,56434,59551
16733,56469,57550
16734,56486,57368
16735,56503,57113
16736,56528,60295
16737,56536,60204
16738,56547,58627
16739,56579,60309
16740,56581,57105
16741,56584,56823
16742,56594,58744
16743,56607,60152
16744,56621,58938
16745,56637,60183
16746,56646,57268
16747,56657,57570
16748,56695,60227
16749,56756,57395
16750,56758,57552
16751,56760,58855
16752,56779,57312
16753,56830,56962
16754,56886,57710
16755,56898,59151
16756,56915,57185
16757,56926,59528
16758,56947,58814
16759,56950,60283
16760,56951,58705
16761,56954,57258
16762,56974,57964
16763,56977,59175
16764,56978,58316
16765,56983,58320
16766,56984,59464
16767,56985,58310
16768,56987,58311
16769,56988,58304
16770,56993,58924
16771,57000,59045
16772,57006,59124
16773,57008,59194
16774,57012,59131
16775,57016,59167
16776,57028,59215
16777,57042,59204
16778,57046,59062
16779,57048,59675
16780,57049,58794
16781,57051,59069
16782,57057,59382
16783,57069,59222
16784,57070,58323
16785,57071,59223
16786,57075,59559
16787,57081,59306
16788,57089,59000
16789,57095,59226
16790,57114,59322
16791,57116,59326
16792,57119,59513
16793,57123,60025
16794,57126,57275
16795,57130,59901
16796,57133,59190
16797,57134,59083
16798,57135,59180
16799,57139,60209
16800,57144,59797
16801,57146,59072
16802,57147,60079
16803,57148,59383
16804,57150,57327
16805,57152,59219
16806,57154,59091
16807,57155,58528
16808,57156,59499
16809,57157,59426
16810,57159,58709
16811,57161,59815
16812,57162,59418
16813,57163,59818
16814,57182,58871
16815,57183,58799
16816,57188,59098
16817,57192,60110
16818,57211,58928
16819,57222,57772
16820,57223,59440
16821,57229,57922
16822,57232,59659
16823,57239,60160
16824,57241,59632
16825,57242,59831
16826,57245,58112
16827,57246,59592
16828,57248,59143
16829,57260,59477
16830,57273,58466
16831,57277,59967
16832,57286,60287
16833,57287,58929
16834,57289,57940
16835,57302,59549
16836,57311,59556
16837,57313,60244
16838,57314,58990
16839,57316,59187
16840,57329,59133
16841,57332,59765
16842,57342,59624
16843,57344,58853
16844,57356,59183
16845,57358,59199
16846,57366,59041
16847,57373,57986
16848,57376,59114
16849,57384,58334
16850,57406,59203
16851,57431,59541
16852,57436,58341
16853,57439,60168
16854,57446,58571
16855,57506,59355
16856,57514,58749
16857,57554,59076
16858,57564,58411
16859,57568,59169
16860,57600,59193
16861,57665,58840
16862,57681,58766
16863,57692,59897
16864,57701,59859
16865,57702,59084
16866,57705,59445
16867,57707,60324
16868,57753,59871
16869,57775,58921
16870,57779,59677
16871,57786,58982
16872,57791,59401
16873,57793,60274
16874,57796,58686
16875,57808,60179
16876,57811,59213
16877,57816,58719
16878,57817,59324
16879,57825,59171
16880,57829,60261
16881,57834,59032
16882,57836,58918
16883,57839,59344
16884,57840,59363
16885,57841,59347
16886,57843,58152
16887,57844,59958
16888,57847,59182
16889,57849,58887
16890,57850,58570
16891,57851,59949
16892,57855,58972
16893,57856,59061
16894,57857,58989
16895,57858,59591
16896,57859,59066
16897,57860,58084
16898,57861,59371
16899,57862,58975
16900,57863,59542
16901,57866,59074
16902,57867,58343
16903,57868,59033
16904,57869,59386
16905,57871,59388
16906,57872,59287
16907,57873,60057
16908,57875,59994
16909,57876,58985
16910,57877,59397
16911,57879,59136
16912,57880,58093
16913,57881,59402
16914,57884,59410
16915,57885,59089
16916,57887,59090
16917,57889,58992
16918,57890,59488
16919,57891,59224
16920,57892,58624
16921,57893,59505
16922,57894,59096
16923,57895,59412
16924,57896,59278
16925,57897,59361
16926,57898,59351
16927,57899,60141
16928,57901,59152
16929,57902,60494
16930,57903,60142
16931,57907,59847
16932,57908,59736
16933,57909,59501
16934,57911,58107
16935,57914,59122
16936,57916,59623
16937,57917,59127
16938,57918,58710
16939,57919,58529
16940,57920,58531
16941,57921,60495
16942,57924,59039
16943,57926,59567
16944,57927,59597
16945,57928,58118
16946,57929,60480
16947,57930,59116
16948,57931,60219
16949,57933,60497
16950,57934,59268
16951,57935,59149
16952,57937,59368
16953,57938,59270
16954,57939,59458
16955,57941,59159
16956,57942,59024
16957,57943,59233
16958,57945,59550
16959,57947,59025
16960,57948,59240
16961,57949,60130
16962,57950,60131
16963,57951,59977
16964,57953,60311
16965,57955,60500
16966,57957,59177
16967,57958,60406
16968,57959,58742
16969,57960,59484
16970,57961,60408
16971,57962,58151
16972,57963,59046
16973,57966,58970
16974,57967,58889
16975,57968,59490
16976,57969,59060
16977,57970,59185
16978,57971,59063
16979,57972,58638
16980,57973,59717
16981,57974,58757
16982,57975,59375
16983,57976,59493
16984,57977,59173
16985,57978,58981
16986,57979,59042
16987,57980,59189
16988,57981,59019
16989,57982,59197
16990,57983,59093
16991,57985,59300
16992,57987,59004
16993,57989,60177
16994,57990,59522
16995,57992,59022
16996,57993,59202
16997,57994,59428
16998,57995,58226
16999,57996,59123
17000,57999,59206
17001,58000,59924
17002,58001,59861
17003,58003,60438
17004,58004,58284
17005,58005,59135
17006,58007,58242
17007,58008,58615
17008,58009,58174
17009,58010,60443
17010,58011,58793
17011,58012,59899
17012,58014,59016
17013,58015,60064
17014,58016,59635
17015,58018,59157
17016,58019,59037
17017,58020,59409
17018,58021,59163
17019,58022,59065
17020,58024,59698
17021,58025,60077
17022,58026,59246
17023,58027,59476
17024,58029,59722
17025,58031,59261
17026,58033,58832
17027,58034,59455
17028,58035,59170
17029,58036,60122
17030,58037,59654
17031,58038,60094
17032,58039,59364
17033,58040,59054
17034,58041,59536
17035,58042,59820
17036,58043,59366
17037,58044,59568
17038,58045,60326
17039,58048,59697
17040,58049,59975
17041,58050,59007
17042,58051,59027
17043,58052,59253
17044,58053,59707
17045,58054,60121
17046,58055,58942
17047,58056,59161
17048,58057,58606
17049,58058,59718
17050,58059,60276
17051,58060,59101
17052,58061,59102
17053,58062,58933
17054,58063,60020
17055,58065,59128
17056,58068,59702
17057,58072,60083
17058,58073,58861
17059,58074,59340
17060,58075,59457
17061,58076,58907
17062,58078,59652
17063,58079,58967
17064,58080,59294
17065,58081,59283
17066,58082,58336
17067,58083,59242
17068,58085,58707
17069,58086,59279
17070,58087,59894
17071,58088,58386
17072,58090,59398
17073,58091,58912
17074,58094,59500
17075,58095,59274
17076,58096,58594
17077,58097,59503
17078,58100,60014
17079,58101,59726
17080,58102,59480
17081,58104,60022
17082,58105,59969
17083,58106,59462
17084,58108,59288
17085,58110,59312
17086,58111,58798
17087,58113,59990
17088,58114,59317
17089,58115,59929
17090,58116,59357
17091,58120,60219
17092,58121,59267
17093,58122,59419
17094,58123,60194
17095,58124,59325
17096,58125,58552
17097,58126,58725
17098,58127,60068
17099,58128,59459
17100,58129,58458
17101,58130,59669
17102,58131,59333
17103,58132,59008
17104,58133,59665
17105,58134,59334
17106,58135,58980
17107,58137,59729
17108,58138,59731
17109,58139,60030
17110,58140,60040
17111,58141,59339
17112,58142,59647
17113,58143,59327
17114,58144,59273
17115,58145,59342
17116,58146,59343
17117,58149,59234
17118,58150,59350
17119,58154,59395
17120,58155,59356
17121,58156,59230
17122,58157,59640
17123,58159,59664
17124,58161,59638
17125,58162,58869
17126,58163,59365
17127,58164,59348
17128,58165,59367
17129,58166,59892
17130,58167,59676
17131,58168,59286
17132,58169,59587
17133,58170,59244
17134,58171,58589
17135,58172,59979
17136,58173,60299
17137,58175,59943
17138,58176,59422
17139,58177,59685
17140,58178,59705
17141,58180,59407
17142,58181,59764
17143,58182,59384
17144,58183,59248
17145,58184,60350
17146,58187,60133
17147,58188,59250
17148,58190,58983
17149,58191,58526
17150,58194,59904
17151,58195,59860
17152,58196,59086
17153,58197,59257
17154,58199,59511
17155,58200,59680
17156,58201,59408
17157,58202,59446
17158,58203,59378
17159,58205,59738
17160,58206,59413
17161,58207,59915
17162,58208,59864
17163,58209,59854
17164,58210,60263
17165,58212,59866
17166,58214,58656
17167,58215,59103
17168,58216,59323
17169,58218,59642
17170,58219,59941
17171,58220,59646
17172,58221,58608
17173,58223,59144
17174,58224,59269
17175,58225,58659
17176,58227,59919
17177,58228,59442
17178,58229,59438
17179,58230,58708
17180,58231,59553
17181,58232,58607
17182,58236,59920
17183,58237,59265
17184,58238,60147
17185,58239,60043
17186,58241,60289
17187,58243,59319
17188,58244,59321
17189,58245,59575
17190,58246,59596
17191,58247,59427
17192,58248,59876
17193,58249,59449
17194,58251,59451
17195,58252,59452
17196,58253,59769
17197,58254,60055
17198,58255,59910
17199,58257,59571
17200,58258,59298
17201,58259,59870
17202,58260,59181
17203,58261,59527
17204,58263,59843
17205,58264,59466
17206,58265,59467
17207,58266,59584
17208,58267,59679
17209,58268,59564
17210,58270,59396
17211,58272,59552
17212,58273,60021
17213,58275,59641
17214,58276,59277
17215,58278,59328
17216,58279,59470
17217,58281,59481
17218,58283,58965
17219,58286,59961
17220,58287,59793
17221,58288,59585
17222,58289,59799
17223,58290,59795
17224,58291,58873
17225,58292,59804
17226,58293,59806
17227,58294,59494
17228,58295,59916
17229,58296,59546
17230,58297,59810
17231,58298,59502
17232,58299,59746
17233,58300,59780
17234,58301,60039
17235,58302,59435
17236,58303,59492
17237,58305,59362
17238,58306,58854
17239,58307,59877
17240,58308,59276
17241,58312,59770
17242,58313,59723
17243,58314,59174
17244,58315,59295
17245,58317,58693
17246,58318,59417
17247,58321,59205
17248,58322,60359
17249,58324,59216
17250,58325,59595
17251,58326,59211
17252,58327,58917
17253,58328,59649
17254,58329,59516
17255,58330,59349
17256,58331,59885
17257,58332,59406
17258,58335,59674
17259,58337,60128
17260,58338,58950
17261,58339,59245
17262,58340,58477
17263,58342,59690
17264,58344,58922
17265,58345,59390
17266,58346,59826
17267,58347,59394
17268,58348,59529
17269,58349,59703
17270,58351,60272
17271,58352,59708
17272,58353,59710
17273,58354,60132
17274,58355,59603
17275,58356,59720
17276,58357,59865
17277,58358,59186
17278,58359,59732
17279,58360,60346
17280,58362,58825
17281,58363,58522
17282,58364,60182
17283,58365,59744
17284,58368,60148
17285,58369,58954
17286,58370,59201
17287,58372,58956
17288,58374,59767
17289,58376,59755
17290,58378,59530
17291,58379,59341
17292,58380,59620
17293,58382,59837
17294,58383,59661
17295,58384,59656
17296,58385,59839
17297,58387,59614
17298,58388,60442
17299,58389,59668
17300,58390,59579
17301,58391,59630
17302,58392,59771
17303,58393,59886
17304,58394,59686
17305,58396,59858
17306,58397,60150
17307,58398,59903
17308,58399,59667
17309,58400,59600
17310,58401,59601
17311,58402,59784
17312,58405,59606
17313,58407,59704
17314,58408,59523
17315,58410,59945
17316,58412,59759
17317,58413,59927
17318,58414,59525
17319,58415,59753
17320,58416,59621
17321,58417,59930
17322,58418,59658
17323,58419,60108
17324,58421,59734
17325,58422,59931
17326,58423,59719
17327,58425,59670
17328,58426,59923
17329,58428,59878
17330,58429,59766
17331,58430,59619
17332,58431,60073
17333,58432,59796
17334,58433,60012
17335,58434,59801
17336,58435,59692
17337,58436,59740
17338,58437,59605
17339,58438,59777
17340,58440,59745
17341,58441,58771
17342,58443,59650
17343,58445,59713
17344,58447,59954
17345,58449,60069
17346,58450,58729
17347,58451,59534
17348,58452,59583
17349,58453,59577
17350,58456,59578
17351,58460,59517
17352,58461,60037
17353,58463,59486
17354,58464,58886
17355,58465,59709
17356,58467,59965
17357,58468,58761
17358,58469,59184
17359,58470,59794
17360,58471,59846
17361,58473,59545
17362,58476,59834
17363,58479,59988
17364,58480,59521
17365,58482,59693
17366,58484,58935
17367,58485,59518
17368,58486,59610
17369,58488,58755
17370,58489,59644
17371,58490,59776
17372,58491,59130
17373,58492,60262
17374,58496,59519
17375,58497,59598
17376,58498,59544
17377,58499,60134
17378,58500,58943
17379,58501,59711
17380,58502,60003
17381,58503,59712
17382,58504,59714
17383,58505,60006
17384,58509,60010
17385,58510,59863
17386,58511,60028
17387,58512,60015
17388,58514,59561
17389,58516,59643
17390,58517,59730
17391,58518,58822
17392,58519,59506
17393,58520,59608
17394,58521,60029
17395,58523,59762
17396,58525,59742
17397,58530,59824
17398,58532,59618
17399,58534,59750
17400,58535,59441
17401,58536,59752
17402,58538,59604
17403,58539,59817
17404,58541,59756
17405,58542,59922
17406,58543,59526
17407,58544,59448
17408,58545,60053
17409,58546,58844
17410,58547,59682
17411,58548,59816
17412,58549,59627
17413,58550,59628
17414,58551,60060
17415,58554,59631
17416,58555,60065
17417,58556,59727
17418,58557,59728
17419,58558,58959
17420,58559,59819
17421,58560,59064
17422,58561,59573
17423,58562,59580
17424,58563,59743
17425,58564,59912
17426,58565,59599
17427,58566,59673
17428,58567,58911
17429,58568,59687
17430,58569,59379
17431,58572,59557
17432,58573,60291
17433,58574,59581
17434,58576,59840
17435,58577,60256
17436,58578,59788
17437,58579,59789
17438,58581,59887
17439,58582,59896
17440,58583,59354
17441,58584,59662
17442,58585,60096
17443,58587,59800
17444,58592,60103
17445,58593,59805
17446,58597,60093
17447,58598,59507
17448,58600,59809
17449,58601,59424
17450,58603,60106
17451,58604,59845
17452,58605,59778
17453,58609,59014
17454,58610,59491
17455,58612,59196
17456,58613,59514
17457,58614,59168
17458,58616,60124
17459,58617,59672
17460,58618,59540
17461,58619,59981
17462,58620,59538
17463,58621,60081
17464,58622,59715
17465,58623,59569
17466,58625,59415
17467,58626,59416
17468,58630,59760
17469,58633,60140
17470,58634,60225
17471,58635,59533
17472,58636,59655
17473,58637,59999
17474,58639,60246
17475,58640,59974
17476,58641,60127
17477,58643,60066
17478,58644,59851
17479,58645,59879
17480,58646,60242
17481,58647,60136
17482,58649,59773
17483,58650,59474
17484,58651,59475
17485,58652,60000
17486,58655,59414
17487,58657,59868
17488,58658,59425
17489,58660,60033
17490,58661,59812
17491,58663,60119
17492,58664,60052
17493,58665,59875
17494,58666,59125
17495,58667,59023
17496,58668,59381
17497,58670,59950
17498,58671,60123
17499,58672,60032
17500,58673,60026
17501,58674,59701
17502,58675,60074
17503,58676,59968
17504,58677,60197
17505,58678,59895
17506,58680,59986
17507,58681,59290
17508,58682,59393
17509,58683,59118
17510,58684,59296
17511,58685,59403
17512,58687,60173
17513,58688,59297
17514,58689,59906
17515,58690,59907
17516,58691,60008
17517,58692,59593
17518,58695,60013
17519,58696,59097
17520,58697,59951
17521,58698,60018
17522,58700,59107
17523,58701,60172
17524,58702,60434
17525,58703,59888
17526,58704,59811
17527,58706,60035
17528,58711,60041
17529,58712,59749
17530,58713,60146
17531,58714,59946
17532,58715,59928
17533,58716,60046
17534,58717,59882
17535,58718,60138
17536,58721,60322
17537,58722,60059
17538,58723,59934
17539,58724,60062
17540,58726,59036
17541,58727,60067
17542,58728,60072
17543,58730,59071
17544,58731,59940
17545,58732,59889
17546,58733,59121
17547,58734,59908
17548,58735,59937
17549,58736,59787
17550,58738,60036
17551,58739,59913
17552,58740,59302
17553,58743,59651
17554,58745,59883
17555,58746,59848
17556,58748,59884
17557,58751,59935
17558,58752,59695
17559,58753,59496
17560,58754,59814
17561,58756,59781
17562,58759,59841
17563,58760,59963
17564,58762,59663
17565,58764,59772
17566,58765,59914
17567,58768,59844
17568,58769,59973
17569,58770,60252
17570,58772,59565
17571,58774,60139
17572,58775,59893
17573,58777,59218
17574,58778,60166
17575,58779,58978
17576,58780,59983
17577,58781,60031
17578,58782,59933
17579,58783,59987
17580,58784,59996
17581,58785,60001
17582,58787,59803
17583,58788,59495
17584,58792,59898
17585,58796,60170
17586,58801,59989
17587,58802,60004
17588,58803,59953
17589,58804,59862
17590,58806,59259
17591,58808,59917
17592,58809,60011
17593,58811,60116
17594,58813,59757
17595,58816,59725
17596,58817,59616
17597,58819,59029
17598,58820,60280
17599,58823,59735
17600,58826,59683
17601,58827,58998
17602,58828,60034
17603,58829,59921
17604,58830,59129
17605,58831,59026
17606,58833,59926
17607,58834,59813
17608,58835,60352
17609,58836,60044
17610,58837,60002
17611,58838,59783
17612,58839,59444
17613,58841,59688
17614,58842,60050
17615,58845,59637
17616,58846,60056
17617,58847,60107
17618,58848,59626
17619,58849,60315
17620,58850,59932
17621,58851,60007
17622,58852,60061
17623,58856,60330
17624,58857,59936
17625,58858,59645
17626,58860,59461
17627,58862,59853
17628,58863,59970
17629,58864,60105
17630,58865,60076
17631,58868,60075
17632,58870,60135
17633,58874,60091
17634,58875,59880
17635,58876,60078
17636,58878,59997
17637,58880,59178
17638,58882,59957
17639,58883,59678
17640,58884,59625
17641,58885,59790
17642,58892,59586
17643,58893,60104
17644,58894,60101
17645,58895,59694
17646,58898,59299
17647,58900,59092
17648,58905,59560
17649,58906,60092
17650,58908,60058
17651,58909,59453
17652,58913,59856
17653,58915,60023
17654,58916,59947
17655,58919,60230
17656,58920,60355
17657,58923,59905
17658,58925,60251
17659,58926,59739
17660,58930,59985
17661,58931,60100
17662,58934,59993
17663,58936,60080
17664,58937,59335
17665,58939,60270
17666,58944,60005
17667,58945,59558
17668,58946,59721
17669,58949,60086
17670,58953,59751
17671,58955,60048
17672,58958,59976
17673,58961,59572
17674,58962,60314
17675,58963,60236
17676,58966,60320
17677,58969,60243
17678,58973,59798
17679,58974,60162
17680,58976,60165
17681,58977,60338
17682,58984,59995
17683,58988,59955
17684,58993,59956
17685,58994,60363
17686,58995,60285
17687,58999,60300
17688,59002,60167
17689,59003,60303
17690,59010,59305
17691,59012,60317
17692,59013,60189
17693,59015,60333
17694,59017,60288
17695,59018,60235
17696,59020,59570
17697,59021,60193
17698,59028,60294
17699,59030,60298
17700,59035,60156
17701,59043,60155
17702,59047,59960
17703,59048,59594
17704,59051,60071
17705,59052,59791
17706,59056,59537
17707,59057,60247
17708,59058,60151
17709,59067,60255
17710,59073,60259
17711,59075,60349
17712,59078,59716
17713,59079,59471
17714,59082,59372
17715,59085,60460
17716,59094,60176
17717,59095,60174
17718,59104,60293
17719,59105,60265
17720,59106,60212
17721,59108,60112
17722,59109,59284
17723,59110,60213
17724,59111,60024
17725,59113,60186
17726,59115,59478
17727,59119,60302
17728,59120,60181
17729,59126,59589
17730,59132,60185
17731,59138,60187
17732,59139,59890
17733,59140,59208
17734,59142,60009
17735,59145,60192
17736,59146,59450
17737,59147,60195
17738,59148,60175
17739,59154,60323
17740,59155,60070
17741,59158,60198
17742,59160,59436
17743,59162,60203
17744,59165,60206
17745,59176,60321
17746,59192,59855
17747,59195,59874
17748,59198,60190
17749,59200,60178
17750,59207,60340
17751,59209,60325
17752,59220,59563
17753,59227,59881
17754,59235,60237
17755,59251,59421
17756,59256,60277
17757,59260,60290
17758,59262,59432
17759,59264,60088
17760,59266,60045
17761,59271,60328
17762,59275,59576
17763,59282,59691
17764,59291,59612
17765,59292,59700
17766,59307,59607
17767,59309,59733
17768,59311,59684
17769,59313,59617
17770,59314,59748
17771,59318,60049
17772,59330,59636
17773,59331,59964
17774,59332,59966
17775,59336,60019
17776,59337,59984
17777,59345,59653
17778,59352,59807
17779,59359,59939
17780,59360,59666
17781,59369,60098
17782,59376,60307
17783,59377,59588
17784,59380,59689
17785,59387,59992
17786,59389,59836
17787,59391,59699
17788,59392,59657
17789,59399,60271
17790,59411,59761
17791,59420,59942
17792,59423,59944
17793,59430,59611
17794,59431,59741
17795,59434,59613
17796,59437,60316
17797,59443,59873
17798,59456,60129
17799,59460,60097
17800,59463,59938
17801,59469,59982
17802,59472,59775
17803,59473,59802
17804,59479,60051
17805,59483,59971
17806,59498,60137
17807,59504,59590
17808,59508,60027
17809,59509,60297
17810,59520,60379
17811,59554,60273
17812,59574,59768
17813,59582,59972
17814,59681,59849
17815,59724,60149
17816,59747,60327
17817,59785,60085
17818,59829,60275
17819,59830,60144
17820,59832,60054
17821,58095,60113
17822,58400,60114
17823,58992,60115
17824,60117,60171
17825,58828,60118
17826,60169,60458
17827,58248,60191
17828,58370,60214
17829,58823,60221
17830,58382,60231
17831,58156,60241
17832,59466,60248
17833,58163,60249
17834,59103,60292
17835,58489,60304
17836,59180,60313
17837,58544,60329
17838,59889,60342
17839,58438,60356
17840,58978,60367
17841,60227,60383
17842,58182,60389
17843,59197,60395
17844,57917,60400
17845,59414,60431
17846,58706,60436
17847,57919,60437
17848,58936,60457
17849,57999,60471
17850,58052,60472
17851,60068,60478
17852,56993,60484
17853,58856,60501
17854,58738,60502
17855,60606,61274
17856,60626,61403
17857,60654,61659
17858,60693,62695
17859,60728,62501
17860,60738,61619
17861,60749,62373
17862,60803,61332
17863,60841,64330
17864,60843,61985
17865,60868,61375
17866,60872,61478
17867,60903,61391
17868,60969,61258
17869,61012,61385
17870,61023,62272
17871,61041,64050
17872,61048,63265
17873,61061,63256
17874,61067,63583
17875,61073,64384
17876,61075,61646
17877,61080,62779
17878,61083,63353
17879,61087,62784
17880,61089,62787
17881,61092,64022
17882,61094,63963
17883,61097,62791
17884,61098,63190
17885,61102,63934
17886,61111,63210
17887,61143,62079
17888,61149,63298
17889,61156,62786
17890,61171,63925
17891,61172,63883
17892,61173,63585
17893,61185,63894
17894,61196,62257
17895,61199,63811
17896,61215,64320
17897,61225,63717
17898,61246,62902
17899,61251,63406
17900,61253,63356
17901,61254,63280
17902,61259,63372
17903,61261,61677
17904,61270,64531
17905,61271,63466
17906,61272,63598
17907,61297,63476
17908,61307,64609
17909,61328,64023
17910,61348,61835
17911,61350,64453
17912,61355,64424
17913,61357,63299
17914,61376,64514
17915,61384,64404
17916,61400,63712
17917,61407,61892
17918,61410,62428
17919,61416,64395
17920,61446,62347
17921,61497,63562
17922,61514,61849
17923,61532,62324
17924,61546,64747
17925,61570,64606
17926,61589,63577
17927,61597,64607
17928,61604,62498
17929,61611,64617
17930,61613,64477
17931,61644,63646
17932,61655,64044
17933,61671,64345
17934,61672,64461
17935,61702,63062
17936,61762,64608
17937,61795,64620
17938,61895,63513
17939,61901,63496
17940,61908,63494
17941,61917,63640
17942,61918,63648
17943,61936,62338
17944,61948,62812
17945,62010,63173
17946,62015,63611
17947,62034,63502
17948,62039,63629
17949,62041,64567
17950,62048,63949
17951,62052,63198
17952,62053,63514
17953,62071,63544
17954,62073,63535
17955,62075,62651
17956,62076,64466
17957,62080,63350
17958,62082,63656
17959,62087,63351
17960,62090,63262
17961,62099,63118
17962,62108,64564
17963,62109,63322
17964,62114,64640
17965,62115,63217
17966,62116,63365
17967,62121,63230
17968,62124,63685
17969,62127,63696
17970,62128,64139
17971,62130,63699
17972,62131,63786
17973,62135,63827
17974,62142,63985
17975,62143,63700
17976,62146,63391
17977,62156,63875
17978,62159,64663
17979,62160,63168
17980,62161,63207
17981,62163,63574
17982,62165,63208
17983,62168,63177
17984,62171,63804
17985,62173,63819
17986,62174,63090
17987,62177,63340
17988,62181,63362
17989,62182,63363
17990,62183,63255
17991,62184,63443
17992,62185,64075
17993,62187,62806
17994,62190,63468
17995,62194,63566
17996,62195,64779
17997,62197,62487
17998,62198,63838
17999,62199,63579
18000,62201,64874
18001,62202,63209
18002,62204,63884
18003,62205,64535
18004,62208,63594
18005,62209,63149
18006,62210,64339
18007,62212,64365
18008,62215,63897
18009,62217,63608
18010,62218,63906
18011,62221,64033
18012,62222,63923
18013,62225,63191
18014,62226,62697
18015,62227,64668
18016,62228,63307
18017,62229,63988
18018,62232,63637
18019,62233,63318
18020,62234,63792
18021,62235,63288
18022,62236,63240
18023,62237,63244
18024,62239,63581
18025,62240,64998
18026,62241,63555
18027,62243,63905
18028,62244,63463
18029,62245,63492
18030,62246,64089
18031,62249,63565
18032,62250,64600
18033,62251,64047
18034,62252,63787
18035,62254,63602
18036,62255,63511
18037,62256,63672
18038,62258,63159
18039,62259,63675
18040,62260,63614
18041,62261,63300
18042,62263,63958
18043,62264,63510
18044,62265,63533
18045,62266,63650
18046,62267,64819
18047,62268,65016
18048,62269,64254
18049,62270,63945
18050,62271,63642
18051,62274,63824
18052,62275,65018
18053,62276,64274
18054,62281,63518
18055,62283,64788
18056,62284,63536
18057,62285,63332
18058,62287,64915
18059,62288,64916
18060,62289,63633
18061,62291,64543
18062,62292,63994
18063,62293,63734
18064,62294,64615
18065,62295,63548
18066,62297,64168
18067,62298,63526
18068,62299,64470
18069,62301,63498
18070,62302,63042
18071,62304,63469
18072,62307,63854
18073,62309,64238
18074,62310,63471
18075,62311,63663
18076,62312,63472
18077,62313,63664
18078,62314,63433
18079,62315,63567
18080,62316,63543
18081,62317,63766
18082,62318,64284
18083,62320,63872
18084,62322,64187
18085,62325,63324
18086,62326,63901
18087,62327,63435
18088,62328,63745
18089,62329,64198
18090,62330,64499
18091,62331,63075
18092,62332,63275
18093,62333,62962
18094,62335,64692
18095,62340,63595
18096,62341,64408
18097,62342,63693
18098,62343,64061
18099,62344,64420
18100,62346,63489
18101,62348,63603
18102,62349,63538
18103,62350,64412
18104,62351,63604
18105,62352,63605
18106,62353,64077
18107,62354,63651
18108,62355,63279
18109,62357,63903
18110,62358,63754
18111,62359,63347
18112,62360,64316
18113,62361,64666
18114,62364,65012
18115,62367,63618
18116,62368,64544
18117,62369,64546
18118,62370,63922
18119,62371,63924
18120,62372,64261
18121,62377,63542
18122,62380,63703
18123,62381,63220
18124,62384,63505
18125,62385,64558
18126,62388,63982
18127,62390,64639
18128,62392,63638
18129,62393,63818
18130,62394,64212
18131,62395,63582
18132,62396,64956
18133,62397,63955
18134,62398,64399
18135,62399,63331
18136,62400,64958
18137,62401,63200
18138,62402,63479
18139,62403,63741
18140,62404,63970
18141,62405,63655
18142,62410,64836
18143,62411,63667
18144,62412,64533
18145,62413,63748
18146,62414,64798
18147,62418,63729
18148,62420,63680
18149,62421,62592
18150,62422,63993
18151,62423,64166
18152,62424,64087
18153,62425,64446
18154,62430,63234
18155,62432,63997
18156,62434,63779
18157,62435,64490
18158,62436,63798
18159,62438,64266
18160,62439,64093
18161,62440,64005
18162,62441,63478
18163,62442,63692
18164,62443,64125
18165,62444,64523
18166,62445,64007
18167,62446,64697
18168,62447,63669
18169,62448,64423
18170,62449,64012
18171,62450,64117
18172,62451,63725
18173,62452,63704
18174,62453,64431
18175,62455,63724
18176,62458,63706
18177,62459,62772
18178,62460,63825
18179,62461,63708
18180,62462,63486
18181,62465,63845
18182,62467,63460
18183,62468,63521
18184,62469,63525
18185,62472,64504
18186,62473,63192
18187,62474,63612
18188,62483,62756
18189,62486,63867
18190,62489,63860
18191,62491,63558
18192,62492,63436
18193,62493,63881
18194,62494,64199
18195,62495,63885
18196,62496,63746
18197,62497,63670
18198,62499,64048
18199,62502,64786
18200,62503,64159
18201,62504,64596
18202,62505,64366
18203,62506,63445
18204,62507,63458
18205,62509,63606
18206,62510,63965
18207,62511,63547
18208,62514,63919
18209,62515,63921
18210,62516,64557
18211,62517,63817
18212,62518,64562
18213,62521,64382
18214,62522,63763
18215,62525,64592
18216,62527,63904
18217,62528,63657
18218,62529,63850
18219,62530,63851
18220,62531,63772
18221,62532,64469
18222,62534,62853
18223,62535,63858
18224,62536,63973
18225,62537,64532
18226,62538,64353
18227,62539,64493
18228,62540,64594
18229,62541,64508
18230,62543,63671
18231,62544,63839
18232,62545,64583
18233,62546,63795
18234,62547,63796
18235,62550,64102
18236,62552,64416
18237,62553,63450
18238,62554,64217
18239,62555,63911
18240,62557,64063
18241,62558,64480
18242,62560,64425
18243,62561,64602
18244,62562,63931
18245,62563,63939
18246,62565,63940
18247,62566,64511
18248,62567,63808
18249,62568,64548
18250,62569,64500
18251,62571,64575
18252,62574,64581
18253,62575,63892
18254,62576,63878
18255,62577,64021
18256,62578,63206
18257,62579,64176
18258,62581,62930
18259,62582,63778
18260,62583,63866
18261,62584,63964
18262,62585,64290
18263,62587,64549
18264,62588,63800
18265,62589,64190
18266,62590,63848
18267,62591,63374
18268,62593,63770
18269,62594,63771
18270,62595,64419
18271,62596,64445
18272,62597,63737
18273,62598,63853
18274,62599,63705
18275,62600,63430
18276,62601,64140
18277,62602,63735
18278,62603,63969
18279,62604,63775
18280,62606,64670
18281,62607,63575
18282,62608,64226
18283,62610,63830
18284,62611,64751
18285,62612,63403
18286,62614,63774
18287,62615,64040
18288,62616,64398
18289,62617,63683
18290,62619,63431
18291,62620,64400
18292,62622,63961
18293,62623,63452
18294,62624,63697
18295,62626,64402
18296,62627,64060
18297,62628,64458
18298,62629,64189
18299,62630,63816
18300,62631,63691
18301,62633,63751
18302,62634,63673
18303,62635,64053
18304,62636,63882
18305,62638,63886
18306,62639,63588
18307,62640,63764
18308,62643,63981
18309,62645,64410
18310,62646,63750
18311,62647,64216
18312,62649,63877
18313,62650,64211
18314,62652,64313
18315,62655,64179
18316,62657,63251
18317,62659,64371
18318,62660,63355
18319,62662,64774
18320,62663,64427
18321,62664,64457
18322,62665,64415
18323,62666,63157
18324,62668,63767
18325,62670,64237
18326,62671,63397
18327,62672,64319
18328,62673,64426
18329,62674,63810
18330,62675,64547
18331,62676,63899
18332,62677,63305
18333,62678,64245
18334,62679,63847
18335,62680,64435
18336,62681,63393
18337,62682,64321
18338,62683,64432
18339,62684,63815
18340,62685,64434
18341,62687,63942
18342,62688,63898
18343,62689,63386
18344,62690,64255
18345,62691,63868
18346,62692,64437
18347,62693,63632
18348,62694,63951
18349,62696,63953
18350,62698,64439
18351,62700,64311
18352,62701,64571
18353,62702,64017
18354,62704,64530
18355,62706,63959
18356,62708,63438
18357,62710,64741
18358,62711,64037
18359,62712,64092
18360,62713,64016
18361,62714,64196
18362,62715,63794
18363,62716,64838
18364,62717,63784
18365,62718,63791
18366,62719,64333
18367,62720,64137
18368,62721,64271
18369,62722,63221
18370,62724,63828
18371,62725,64049
18372,62726,63783
18373,62727,64173
18374,62728,63753
18375,62729,64210
18376,62730,63742
18377,62731,64038
18378,62732,63865
18379,62733,63049
18380,62734,63802
18381,62736,64671
18382,62737,63948
18383,62738,63991
18384,62739,64018
18385,62740,63682
18386,62743,64299
18387,62744,63556
18388,62745,63995
18389,62746,64614
18390,62747,63552
18391,62748,64265
18392,62749,64354
18393,62751,64020
18394,62752,64305
18395,62753,64306
18396,62757,64300
18397,62759,64656
18398,62761,64659
18399,62762,63297
18400,62763,64161
18401,62764,64796
18402,62765,64370
18403,62767,64184
18404,62768,63388
18405,62770,64013
18406,62771,64015
18407,62773,63311
18408,62775,64872
18409,62776,63658
18410,62778,63967
18411,62780,64138
18412,62792,64638
18413,62793,63932
18414,62796,63941
18415,62797,64322
18416,62798,64579
18417,62799,64296
18418,62802,63732
18419,62805,63855
18420,62807,63857
18421,62810,63862
18422,62815,64180
18423,62816,64303
18424,62817,64376
18425,62819,63437
18426,62820,64055
18427,62823,63888
18428,62825,63229
18429,62826,64209
18430,62827,64519
18431,62829,64340
18432,62830,64031
18433,62833,64074
18434,62834,63769
18435,62836,64234
18436,62837,64343
18437,62838,64336
18438,62840,64073
18439,62841,64070
18440,62842,64248
18441,62843,63962
18442,62845,64257
18443,62846,64386
18444,62848,64153
18445,62849,64083
18446,62850,64165
18447,62851,64588
18448,62855,64175
18449,62856,64181
18450,62859,64286
18451,62860,63323
18452,62861,64188
18453,62862,64163
18454,62863,64191
18455,62864,64814
18456,62866,63891
18457,62867,64205
18458,62868,63227
18459,62869,64099
18460,62870,64795
18461,62871,64314
18462,62873,64268
18463,62874,64534
18464,62875,63756
18465,62876,64029
18466,62877,64277
18467,62878,64229
18468,62880,64232
18469,62881,63621
18470,62882,63487
18471,62883,64239
18472,62884,64240
18473,62885,64244
18474,62886,64444
18475,62887,63314
18476,62889,64123
18477,62890,64124
18478,62891,64259
18479,62893,63327
18480,62894,63954
18481,62895,64263
18482,62896,64154
18483,62898,64676
18484,62899,64278
18485,62900,64521
18486,62901,63537
18487,62903,64288
18488,62904,63809
18489,62905,64283
18490,62906,64599
18491,62907,63292
18492,62908,63303
18493,62909,64273
18494,62910,64447
18495,62911,63225
18496,62912,64200
18497,62913,64150
18498,62915,64155
18499,62916,63852
18500,62917,64387
18501,62920,64045
18502,62921,64085
18503,62922,64394
18504,62923,64566
18505,62924,64114
18506,62925,64058
18507,62926,63889
18508,62929,63559
18509,62934,64097
18510,62935,64301
18511,62936,63740
18512,62937,64178
18513,62939,64171
18514,62940,64332
18515,62941,63947
18516,62942,63522
18517,62943,64573
18518,62944,63375
18519,62945,64182
18520,62947,63573
18521,62948,64369
18522,62949,63665
18523,62950,63873
18524,62951,64051
18525,62952,64554
18526,62953,63378
18527,62954,64118
18528,62955,64364
18529,62956,63668
18530,62957,64522
18531,62958,63252
18532,62959,64633
18533,62960,63381
18534,62961,63301
18535,62963,64057
18536,62966,63789
18537,62967,64193
18538,62968,64337
18539,62969,64338
18540,62970,64241
18541,62972,64518
18542,62973,63179
18543,62974,64158
18544,62975,64852
18545,62976,64197
18546,62977,64219
18547,62978,64220
18548,62979,63893
18549,62981,64403
18550,62983,63902
18551,62987,64618
18552,62988,63677
18553,62989,64417
18554,62992,63910
18555,62993,64418
18556,62994,64109
18557,62995,63213
18558,62996,64112
18559,62997,64629
18560,62998,64113
18561,62999,63844
18562,63000,64067
18563,63001,64467
18564,63002,64119
18565,63003,64942
18566,63004,63215
18567,63005,64242
18568,63006,64121
18569,63007,64555
18570,63008,64152
18571,63009,64556
18572,63010,64250
18573,63012,64484
18574,63013,64252
18575,63014,63394
18576,63015,64131
18577,63017,64253
18578,63018,63761
18579,63019,63613
18580,63020,64256
18581,63021,63396
18582,63022,64148
18583,63023,64151
18584,63024,64082
18585,63025,63821
18586,63026,64127
18587,63027,64264
18588,63028,63869
18589,63029,64707
18590,63030,64081
18591,63031,64832
18592,63032,64624
18593,63034,64132
18594,63035,63758
18595,63037,64276
18596,63038,63972
18597,63039,63659
18598,63040,64170
18599,63041,64135
18600,63043,64611
18601,63044,63984
18602,63045,64104
18603,63046,64141
18604,63047,64605
18605,63048,64142
18606,63050,64207
18607,63051,64221
18608,63052,64110
18609,63053,64295
18610,63054,64111
18611,63055,63950
18612,63056,64133
18613,63057,63360
18614,63058,64297
18615,63059,64318
18616,63060,64462
18617,63064,63584
18618,63065,64169
18619,63066,64003
18620,63067,63861
18621,63069,63687
18622,63070,63688
18623,63072,64149
18624,63073,64243
18625,63074,64309
18626,63077,64096
18627,63078,64312
18628,63079,64098
18629,63081,64010
18630,63082,64235
18631,63084,64090
18632,63085,64753
18633,63087,63508
18634,63091,64474
18635,63093,64612
18636,63094,64128
18637,63095,63401
18638,63096,63716
18639,63097,64352
18640,63098,63624
18641,63099,63980
18642,63100,63482
18643,63101,64517
18644,63106,63727
18645,63111,64463
18646,63112,63946
18647,63113,63719
18648,63114,64282
18649,63117,64591
18650,63119,64674
18651,63123,63781
18652,63124,63246
18653,63126,63879
18654,63128,64043
18655,63129,64201
18656,63130,64202
18657,63131,64206
18658,63132,64285
18659,63133,64076
18660,63134,64363
18661,63135,64062
18662,63136,63698
18663,63137,64526
18664,63138,64661
18665,63139,63610
18666,63144,64807
18667,63145,63623
18668,63146,63302
18669,63147,63929
18670,63148,64247
18671,63150,64381
18672,63151,63644
18673,63152,64270
18674,63153,64818
18675,63155,64494
18676,63156,64647
18677,63158,64679
18678,63160,64468
18679,63161,64582
18680,63162,64331
18681,63163,64590
18682,63164,64584
18683,63165,63863
18684,63167,64755
18685,63169,64397
18686,63170,64686
18687,63171,64495
18688,63172,64792
18689,63174,64782
18690,63175,64204
18691,63176,64587
18692,63180,64695
18693,63181,64413
18694,63182,64515
18695,63184,64107
18696,63185,64537
18697,63186,64421
18698,63188,64812
18699,63189,64428
18700,63193,64560
18701,63194,64436
18702,63195,64565
18703,63196,64569
18704,63197,64262
18705,63199,64129
18706,63201,64834
18707,63202,64393
18708,63203,64604
18709,63204,64485
18710,63205,64350
18711,63211,64734
18712,63212,64230
18713,63214,64233
18714,63216,64657
18715,63223,64690
18716,63224,64390
18717,63226,64391
18718,63228,63871
18719,63232,64448
18720,63233,64471
18721,63235,64479
18722,63237,64643
18723,63238,64486
18724,63239,63870
18725,63241,64401
18726,63242,63887
18727,63245,64341
18728,63247,64550
18729,63248,64488
18730,63249,64503
18731,63250,64449
18732,63253,64385
18733,63254,64054
18734,63258,64360
18735,63259,64691
18736,63260,64091
18737,63263,64652
18738,63268,64790
18739,63269,64803
18740,63270,64524
18741,63271,64525
18742,63272,64487
18743,63273,64368
18744,63274,64660
18745,63276,64696
18746,63277,64100
18747,63281,64008
18748,63282,64662
18749,63285,64004
18750,63287,64372
18751,63289,64440
18752,63290,64680
18753,63291,64144
18754,63293,64828
18755,63294,64145
18756,63295,63918
18757,63296,64545
18758,63304,64552
18759,63306,63933
18760,63308,64108
18761,63309,64072
18762,63310,64014
18763,63312,64361
18764,63313,64433
18765,63316,64621
18766,63319,64464
18767,63325,63952
18768,63328,64126
18769,63329,64441
18770,63330,64586
18771,63334,64442
18772,63335,64267
18773,63336,64825
18774,63337,64833
18775,63338,64422
18776,63339,64578
18777,63342,63591
18778,63343,64392
18779,63344,64684
18780,63345,64396
18781,63346,64281
18782,63348,64218
18783,63349,63996
18784,63352,64329
18785,63357,64708
18786,63359,64709
18787,63367,64740
18788,63368,64292
18789,63369,64143
18790,63370,63776
18791,63371,64473
18792,63373,64298
18793,63376,63780
18794,63379,64767
18795,63383,63484
18796,63384,64653
18797,63387,64619
18798,63389,64034
18799,63392,63506
18800,63395,64251
18801,63398,64222
18802,63399,64325
18803,63402,63957
18804,63404,64762
18805,63407,64380
18806,63408,64052
18807,63409,64632
18808,63410,64787
18809,63413,64561
18810,63414,63720
18811,63416,64688
18812,63418,64157
18813,63419,64327
18814,63421,64042
18815,63422,64765
18816,63423,64294
18817,63426,64483
18818,63428,64302
18819,63429,64236
18820,63432,64645
18821,63434,64094
18822,63439,64597
18823,63440,64502
18824,63442,64835
18825,63444,64513
18826,63446,64006
18827,63447,64861
18828,63448,64613
18829,63453,63917
18830,63456,64568
18831,63457,64675
18832,63459,64280
18833,63461,64800
18834,63462,64739
18835,63464,64743
18836,63465,64744
18837,63470,64174
18838,63473,64760
18839,63475,64646
18840,63477,63914
18841,63480,64388
18842,63483,64512
18843,63485,64406
18844,63488,64208
18845,63491,64411
18846,63493,64529
18847,63495,64115
18848,63499,64538
18849,63500,63915
18850,63503,64377
18851,63504,64430
18852,63507,64830
18853,63509,64820
18854,63512,64827
18855,63515,64576
18856,63520,64752
18857,63524,64768
18858,63527,63777
18859,63528,64454
18860,63529,64801
18861,63530,64804
18862,63531,63927
18863,63532,63926
18864,63534,64326
18865,63539,64700
18866,63540,64156
18867,63541,64842
18868,63550,64160
18869,63560,64722
18870,63561,64717
18871,63563,64718
18872,63564,64723
18873,63568,63834
18874,63571,64491
18875,63576,64344
18876,63578,63835
18877,63589,64677
18878,63590,64405
18879,63592,64553
18880,63601,64658
18881,63607,64528
18882,63609,64414
18883,63615,64699
18884,63616,64726
18885,63617,63842
18886,63619,64066
18887,63625,63805
18888,63626,64811
18889,63628,63807
18890,63634,64035
18891,63635,64703
18892,63643,64438
18893,63645,64570
18894,63647,64323
18895,63649,64443
18896,63653,64275
18897,63654,64837
18898,63660,64727
18899,63661,64450
18900,63662,64685
18901,63666,64763
18902,63681,64585
18903,63684,64172
18904,63695,64407
18905,63707,64616
18906,63714,64527
18907,63718,64778
18908,63723,64577
18909,63731,64328
18910,63733,64465
18911,63743,64195
18912,63747,64649
18913,63760,64822
18914,63762,64654
18915,63773,64084
18916,63785,64308
18917,63788,64095
18918,63793,64367
18919,63797,64101
18920,63806,64120
18921,63820,64086
18922,63826,64130
18923,63831,64136
18924,63832,64475
18925,63833,64478
18926,63836,64506
18927,63840,64146
18928,63841,64539
18929,63843,64542
18930,63856,64452
18931,63859,64167
18932,63876,64192
18933,63880,64505
18934,63895,64215
18935,63896,64634
18936,63907,64315
18937,63908,64665
18938,63909,64799
18939,63913,64455
18940,63916,64456
18941,63928,64260
18942,63971,64279
18943,63975,64451
18944,63976,64223
18945,63977,64683
18946,63978,64347
18947,63979,64287
18948,63986,64598
18949,63999,64482
18950,64019,64079
18951,64026,64501
18952,64032,64892
18953,64059,64784
18954,64064,64231
18955,64068,64147
18956,64078,64357
18957,64103,64698
18958,64194,64771
18959,64383,64626
18960,62244,64627
18961,62688,64635
18962,63414,64636
18963,62567,64637
18964,64208,64651
18965,63100,64655
18966,64381,64673
18967,64125,64704
18968,62640,64706
18969,62128,64720
18970,62881,64733
18971,64178,64756
18972,63469,64770
18973,62963,64780
18974,64068,64813
18975,63305,64816
18976,62225,64817
18977,62843,64831
18978,64586,64840
18979,62090,64847
18980,63565,64848
18981,64202,64853
18982,64856,64989
18983,63292,64864
18984,63388,64868
18985,64243,64880
18986,61895,64890
18987,62274,64891
18988,64825,64893
18989,64786,64903
18990,62560,64907
18991,63961,64930
18992,64707,64957
18993,62934,64969
18994,63666,64971
18995,63753,64975
18996,63413,64991
18997,63402,64994
18998,63826,64995
18999,64401,65002
19000,62411,65003
19001,62682,65014
19002,62680,65017
19003,64166,65019
19004,65133,65835
19005,65166,66255
19006,65182,68749
19007,65198,66010
19008,65202,65950
19009,65306,66304
19010,65339,66071
19011,65341,69171
19012,65347,67038
19013,65352,69175
19014,65408,66581
19015,65416,66630
19016,65458,67721
19017,65518,67514
19018,65540,69256
19019,65556,65641
19020,65564,68166
19021,65568,68118
19022,65575,67841
19023,65576,67758
19024,65579,68892
19025,65582,68998
19026,65583,67769
19027,65585,68527
19028,65587,67827
19029,65607,68622
19030,65631,67156
19031,65633,68389
19032,65637,66074
19033,65650,68335
19034,65654,67837
19035,65660,68346
19036,65665,67648
19037,65667,67130
19038,65676,67339
19039,65691,68383
19040,65701,67848
19041,65704,69078
19042,65714,67852
19043,65716,66392
19044,65724,68276
19045,65727,67934
19046,65737,66344
19047,65740,67941
19048,65741,68135
19049,65743,67937
19050,65744,68140
19051,65746,67945
19052,65747,68147
19053,65750,68822
19054,65751,68068
19055,65757,67780
19056,65781,67967
19057,65789,66181
19058,65808,68011
19059,65814,68136
19060,65817,68022
19061,65818,67704
19062,65821,68029
19063,65822,69038
19064,65827,66756
19065,65828,68142
19066,65837,68053
19067,65840,67757
19068,65848,67782
19069,65852,68131
19070,65854,67622
19071,65857,67809
19072,65859,67948
19073,65860,66832
19074,65861,68794
19075,65864,67955
19076,65865,68387
19077,65866,67362
19078,65868,67961
19079,65869,67962
19080,65871,67633
19081,65872,68158
19082,65873,68399
19083,65887,68067
19084,65891,67921
19085,65893,66957
19086,65896,68055
19087,65902,68094
19088,65912,68349
19089,65913,68734
19090,65918,68631
19091,65932,68341
19092,65936,67725
19093,65937,67056
19094,65949,67979
19095,65975,68070
19096,65978,68180
19097,65979,68460
19098,65981,67813
19099,65985,68465
19100,65991,68107
19101,65995,68837
19102,65998,69034
19103,66001,68827
19104,66003,67324
19105,66005,67789
19106,66015,68585
19107,66017,69032
19108,66038,68479
19109,66048,69197
19110,66049,67988
19111,66056,68051
19112,66067,69129
19113,66068,69146
19114,66069,69198
19115,66079,67390
19116,66090,66798
19117,66100,68344
19118,66101,67379
19119,66109,66362
19120,66125,68463
19121,66129,69276
19122,66160,69196
19123,66161,69130
19124,66180,68394
19125,66185,68453
19126,66186,69154
19127,66198,67885
19128,66268,68016
19129,66298,67923
19130,66365,68609
19131,66389,67767
19132,66395,66657
19133,66416,69120
19134,66421,67370
19135,66441,68333
19136,66447,67596
19137,66448,68076
19138,66449,68071
19139,66463,68093
19140,66465,68097
19141,66466,68046
19142,66510,67068
19143,66524,67580
19144,66548,69244
19145,66550,68144
19146,66561,68162
19147,66565,68143
19148,66575,68153
19149,66580,68154
19150,66613,67939
19151,66628,67503
19152,66635,68326
19153,66639,68896
19154,66640,68123
19155,66644,68893
19156,66646,68054
19157,66647,68684
19158,66649,67563
19159,66651,68266
19160,66655,68103
19161,66658,67014
19162,66659,67829
19163,66661,67984
19164,66662,69021
19165,66663,69252
19166,66664,68469
19167,66668,67822
19168,66669,67847
19169,66672,68310
19170,66674,68441
19171,66675,69026
19172,66676,68244
19173,66677,68989
19174,66678,68026
19175,66679,69316
19176,66681,68262
19177,66682,67586
19178,66689,68962
19179,66690,66967
19180,66692,68980
19181,66694,68498
19182,66696,68986
19183,66699,68240
19184,66701,67791
19185,66702,69046
19186,66708,69013
19187,66711,68100
19188,66715,69465
19189,66717,68295
19190,66718,68017
19191,66719,68004
19192,66721,67933
19193,66722,68929
19194,66723,68117
19195,66724,67736
19196,66725,69141
19197,66726,68206
19198,66728,67728
19199,66729,67953
19200,66730,67936
19201,66731,67139
19202,66732,67747
19203,66733,68362
19204,66734,68679
19205,66735,67785
19206,66736,69204
19207,66737,68085
19208,66738,68257
19209,66739,68742
19210,66741,68079
19211,66742,69483
19212,66743,68856
19213,66744,69123
19214,66745,68086
19215,66747,69020
19216,66748,69488
19217,66749,69486
19218,66750,69293
19219,66751,67741
19220,66752,68647
19221,66753,68949
19222,66754,68727
19223,66755,67807
19224,66757,67641
19225,66758,67806
19226,66761,67985
19227,66762,67987
19228,66764,67989
19229,66765,69345
19230,66766,67926
19231,66767,67994
19232,66769,69134
19233,66770,68490
19234,66773,69385
19235,66776,67931
19236,66777,67932
19237,66778,67703
19238,66779,67872
19239,66781,67884
19240,66782,68014
19241,66783,68849
19242,66784,67943
19243,66785,67935
19244,66786,68018
19245,66788,67886
19246,66791,69224
19247,66792,67801
19248,66793,67224
19249,66795,68078
19250,66796,68328
19251,66797,68901
19252,66800,68867
19253,66801,68332
19254,66802,69152
19255,66804,68613
19256,66807,69195
19257,66808,67895
19258,66810,68953
19259,66811,67423
19260,66812,68860
19261,66813,68171
19262,66814,68959
19263,66815,69064
19264,66816,68316
19265,66817,67426
19266,66818,67299
19267,66819,68838
19268,66821,67992
19269,66822,67595
19270,66823,68211
19271,66824,68246
19272,66825,68049
19273,66826,67986
19274,66827,68342
19275,66829,68087
19276,66831,68323
19277,66833,67440
19278,66834,69165
19279,66835,68355
19280,66836,68178
19281,66837,68513
19282,66838,68978
19283,66839,68209
19284,66840,67969
19285,66841,69482
19286,66842,67454
19287,66844,69254
19288,66845,68336
19289,66846,68253
19290,66847,68371
19291,66848,67845
19292,66849,68685
19293,66851,68543
19294,66852,69275
19295,66853,67960
19296,66854,68379
19297,66855,67606
19298,66856,68081
19299,66857,69379
19300,66858,68633
19301,66860,69087
19302,66861,68991
19303,66864,67949
19304,66865,68698
19305,66866,69159
19306,66867,68699
19307,66868,68700
19308,66869,68572
19309,66870,68648
19310,66871,69419
19311,66872,67781
19312,66873,68160
19313,66875,69420
19314,66876,67854
19315,66877,67787
19316,66879,67697
19317,66880,67319
19318,66881,68203
19319,66882,67792
19320,66884,68776
19321,66885,68056
19322,66886,68109
19323,66887,67998
19324,66888,67805
19325,66889,67073
19326,66890,67666
19327,66891,68193
19328,66892,67667
19329,66893,68784
19330,66894,67722
19331,66895,68974
19332,66897,68284
19333,66898,67701
19334,66899,67476
19335,66900,67598
19336,66901,69051
19337,66902,68129
19338,66903,68139
19339,66904,68464
19340,66905,68919
19341,66908,67384
19342,66909,68628
19343,66910,68320
19344,66911,68547
19345,66912,68541
19346,66913,68449
19347,66915,68442
19348,66916,67691
19349,66917,67629
19350,66918,67766
19351,66919,68241
19352,66920,68102
19353,66921,68960
19354,66922,68350
19355,66923,68148
19356,66924,68436
19357,66925,68670
19358,66926,69255
19359,66927,68457
19360,66928,68979
19361,66930,68458
19362,66931,68563
19363,66932,69291
19364,66933,68743
19365,66934,68156
19366,66935,68260
19367,66936,68567
19368,66937,68773
19369,66938,68710
19370,66939,67493
19371,66940,68252
19372,66941,68835
19373,66942,68520
19374,66943,68999
19375,66944,68418
19376,66945,68738
19377,66946,68505
19378,66948,68421
19379,66949,68060
19380,66950,68407
19381,66951,67907
19382,66952,67774
19383,66954,67995
19384,66955,68406
19385,66958,68300
19386,66959,67573
19387,66960,67506
19388,66961,68231
19389,66964,68415
19390,66965,69119
19391,66966,68858
19392,66969,68568
19393,66973,68032
19394,66974,67914
19395,66976,68042
19396,66977,68043
19397,66979,68481
19398,66980,67944
19399,66981,68739
19400,66983,67593
19401,66984,67900
19402,66985,68509
19403,66986,68050
19404,66987,67970
19405,66988,68356
19406,66989,68721
19407,66990,69259
19408,66991,68222
19409,66993,68872
19410,66997,69093
19411,67000,68833
19412,67001,68844
19413,67003,68494
19414,67005,68176
19415,67007,68291
19416,67008,68303
19417,67009,68305
19418,67010,68116
19419,67011,68234
19420,67013,68318
19421,67015,68265
19422,67016,69060
19423,67017,68023
19424,67018,68939
19425,67019,68852
19426,67020,68408
19427,67021,67584
19428,67022,68947
19429,67023,69008
19430,67025,68961
19431,67026,68245
19432,67027,68248
19433,67028,68623
19434,67029,68677
19435,67030,68869
19436,67031,67763
19437,67032,69286
19438,67033,67646
19439,67034,68692
19440,67035,68382
19441,67036,69001
19442,67037,68264
19443,67039,68227
19444,67040,67654
19445,67041,69285
19446,67042,68917
19447,67043,68268
19448,67044,67950
19449,67045,69258
19450,67046,68652
19451,67047,69294
19452,67048,68402
19453,67049,68292
19454,67050,68718
19455,67051,68225
19456,67052,68610
19457,67053,68592
19458,67054,68281
19459,67055,68372
19460,67057,68618
19461,67058,68367
19462,67059,68285
19463,67060,68621
19464,67062,68735
19465,67063,68726
19466,67064,68201
19467,67065,68289
19468,67066,68352
19469,67067,68223
19470,67069,68296
19471,67070,68297
19472,67072,68503
19473,67074,67700
19474,67075,68196
19475,67076,68236
19476,67077,68438
19477,67079,68229
19478,67080,68843
19479,67081,68412
19480,67082,68482
19481,67083,67588
19482,67085,68510
19483,67087,68189
19484,67089,68846
19485,67090,68239
19486,67091,68315
19487,67092,68317
19488,67093,68798
19489,67094,68414
19490,67095,68529
19491,67096,68353
19492,67097,68019
19493,67098,68641
19494,67099,68854
19495,67103,68821
19496,67106,68855
19497,67107,68530
19498,67108,68419
19499,67109,68637
19500,67110,68586
19501,67111,67814
19502,67112,68420
19503,67113,68195
19504,67114,68274
19505,67115,67628
19506,67116,68230
19507,67117,68807
19508,67118,68862
19509,67119,68905
19510,67122,68132
19511,67123,68250
19512,67125,68658
19513,67127,69082
19514,67128,68422
19515,67129,68551
19516,67131,68351
19517,67132,68385
19518,67133,68707
19519,67136,68287
19520,67137,68052
19521,67140,69150
19522,67141,67631
19523,67142,69112
19524,67143,68059
19525,67144,69069
19526,67145,68582
19527,67146,68591
19528,67147,68816
19529,67148,68251
19530,67149,68561
19531,67150,68431
19532,67151,68327
19533,67152,68588
19534,67153,68167
19535,67154,68151
19536,67155,68620
19537,67157,69072
19538,67158,68882
19539,67159,68256
19540,67160,68975
19541,67161,68374
19542,67164,68088
19543,67165,68090
19544,67166,68294
19545,67167,69277
19546,67168,68473
19547,67169,68524
19548,67170,69047
19549,67171,68261
19550,67172,68951
19551,67173,68719
19552,67174,68695
19553,67175,67567
19554,67176,69088
19555,67177,69074
19556,67178,69075
19557,67179,68357
19558,67181,68334
19559,67182,67655
19560,67185,68031
19561,67186,68709
19562,67187,69164
19563,67188,68466
19564,67189,67659
19565,67190,68887
19566,67192,68715
19567,67193,68908
19568,67194,68272
19569,67195,68270
19570,67196,68110
19571,67197,68233
19572,67198,68409
19573,67199,68725
19574,67200,68596
19575,67201,68565
19576,67202,68797
19577,67203,68545
19578,67204,67712
19579,67205,68425
19580,67206,68491
19581,67207,69044
19582,67209,68830
19583,67210,68275
19584,67211,68434
19585,67212,68606
19586,67213,68398
19587,67214,68304
19588,67215,68005
19589,67217,68761
19590,67218,68751
19591,67219,68280
19592,67220,67699
19593,67221,67496
19594,67222,68122
19595,67223,68752
19596,67226,68283
19597,67227,68754
19598,67228,68452
19599,67229,68729
19600,67231,67637
19601,67232,68757
19602,67233,68759
19603,67234,68454
19604,67235,68741
19605,67236,68065
19606,67237,67529
19607,67238,68766
19608,67239,68744
19609,67240,67542
19610,67242,69007
19611,67243,68840
19612,67244,68448
19613,67245,68462
19614,67246,68159
19615,67247,68952
19616,67248,68400
19617,67249,67553
19618,67250,68003
19619,67251,67880
19620,67254,67894
19621,67255,68202
19622,67256,68500
19623,67257,67811
19624,67258,68146
19625,67259,68634
19626,67260,69043
19627,67261,68057
19628,67263,68478
19629,67264,68443
19630,67265,68208
19631,67266,67545
19632,67267,67917
19633,67268,68714
19634,67270,69300
19635,67271,68113
19636,67272,68911
19637,67273,69248
19638,67274,68485
19639,67275,69284
19640,67276,69068
19641,67277,69095
19642,67282,68732
19643,67283,67869
19644,67284,69267
19645,67285,68325
19646,67286,68021
19647,67287,67406
19648,67288,68330
19649,67289,68034
19650,67290,68036
19651,67291,68806
19652,67292,69039
19653,67293,69107
19654,67294,68780
19655,67295,68340
19656,67300,68656
19657,67301,67754
19658,67303,69058
19659,67304,68969
19660,67305,68424
19661,67306,68730
19662,67307,69118
19663,67308,67451
19664,67309,67908
19665,67310,68825
19666,67311,68376
19667,67312,68474
19668,67313,68694
19669,67314,67772
19670,67315,67873
19671,67316,67965
19672,67317,68219
19673,67320,67613
19674,67321,68221
19675,67322,68602
19676,67323,68906
19677,67325,69219
19678,67327,69179
19679,67328,67714
19680,67329,67706
19681,67330,68589
19682,67331,68038
19683,67332,67957
19684,67334,68168
19685,67335,68657
19686,67337,68555
19687,67338,68512
19688,67341,68717
19689,67342,67904
19690,67343,68686
19691,67344,68687
19692,67345,68155
19693,67347,68271
19694,67348,68569
19695,67349,68539
19696,67350,67777
19697,67351,68392
19698,67352,68704
19699,67353,68343
19700,67354,68678
19701,67355,69251
19702,67356,68724
19703,67357,67661
19704,67359,68654
19705,67360,68639
19706,67363,69364
19707,67364,68601
19708,67365,68599
19709,67366,68130
19710,67367,68573
19711,67368,67819
19712,67369,69091
19713,67374,68713
19714,67375,68484
19715,67376,68533
19716,67377,69094
19717,67380,68439
19718,67381,69213
19719,67382,68731
19720,67383,68444
19721,67385,68502
19722,67387,68612
19723,67388,68925
19724,67389,67689
19725,67391,67576
19726,67392,67862
19727,67393,68625
19728,67394,68930
19729,67396,68359
19730,67397,68799
19731,67398,68689
19732,67399,69139
19733,67400,68319
19734,67403,68803
19735,67404,69036
19736,67405,68133
19737,67407,69144
19738,67408,68496
19739,67409,68944
19740,67410,68255
19741,67411,68644
19742,67412,67905
19743,67413,68450
19744,67414,69040
19745,67415,69235
19746,67416,68636
19747,67417,67836
19748,67419,68423
19749,67420,68763
19750,67421,68228
19751,67425,68756
19752,67427,67839
19753,67428,68924
19754,67429,68914
19755,67430,68507
19756,67431,69104
19757,67433,68643
19758,67434,68664
19759,67435,68666
19760,67437,68667
19761,67438,68388
19762,67439,69061
19763,67441,68865
19764,67442,68674
19765,67443,69153
19766,67444,68105
19767,67445,68514
19768,67447,69018
19769,67448,68584
19770,67449,68559
19771,67452,68138
19772,67453,68786
19773,67455,68370
19774,67456,67745
19775,67457,69067
19776,67458,69070
19777,67459,67760
19778,67460,68593
19779,67461,68768
19780,67462,68594
19781,67463,68767
19782,67464,68378
19783,67466,69048
19784,67467,68796
19785,67469,67849
19786,67471,68697
19787,67472,68831
19788,67473,67830
19789,67474,68390
19790,67475,68702
19791,67477,69162
19792,67478,68885
19793,67479,68570
19794,67481,68519
19795,67483,68095
19796,67484,68576
19797,67485,68577
19798,67486,68909
19799,67487,68101
19800,67488,69099
19801,67490,68552
19802,67491,68066
19803,67492,68548
19804,67494,68214
19805,67495,67972
19806,67498,68556
19807,67500,68544
19808,67501,68782
19809,67502,67750
19810,67504,68429
19811,67505,68384
19812,67507,68375
19813,67510,68836
19814,67511,68769
19815,67512,68747
19816,67513,68532
19817,67515,67927
19818,67516,68137
19819,67517,68329
19820,67518,68440
19821,67519,68775
19822,67521,69059
19823,67522,68307
19824,67523,68025
19825,67524,69057
19826,67525,67892
19827,67526,68039
19828,67527,68810
19829,67528,68688
19830,67530,67864
19831,67531,69065
19832,67533,68760
19833,67534,68971
19834,67535,68673
19835,67536,68580
19836,67537,68675
19837,67538,69151
19838,67539,68765
19839,67540,68942
19840,67541,68072
19841,67543,68380
19842,67544,68082
19843,67547,68762
19844,67548,69015
19845,67549,68706
19846,67550,68258
19847,67551,68834
19848,67554,68611
19849,67555,68534
19850,67557,68290
19851,67558,68417
19852,67559,68027
19853,67560,69232
19854,67561,68538
19855,67562,68165
19856,67568,68020
19857,67569,68395
19858,67570,68597
19859,67571,68788
19860,67572,68802
19861,67574,68488
19862,67575,68728
19863,67577,68931
19864,67578,68933
19865,67579,68800
19866,67582,68495
19867,67583,69037
19868,67585,67893
19869,67587,68640
19870,67589,68964
19871,67590,68427
19872,67592,68345
19873,67594,68668
19874,67597,69049
19875,67599,68365
19876,67600,68820
19877,67602,68286
19878,67603,68823
19879,67604,69071
19880,67605,68522
19881,67611,68403
19882,67614,68809
19883,67615,68364
19884,67616,68642
19885,67617,68915
19886,67618,68916
19887,67619,68921
19888,67620,68535
19889,67621,68927
19890,67623,69024
19891,67624,68851
19892,67625,68712
19893,67627,68875
19894,67632,68550
19895,67634,68121
19896,67635,68562
19897,67638,68976
19898,67639,69042
19899,67640,68672
19900,67642,68456
19901,67644,68638
19902,67645,68870
19903,67650,68125
19904,67651,69000
19905,67652,68182
19906,67653,68881
19907,67656,69012
19908,67657,68574
19909,67658,69014
19910,67660,69019
19911,67662,68889
19912,67663,69145
19913,67664,69028
19914,67665,68922
19915,67668,68956
19916,67669,68983
19917,67670,68848
19918,67672,68789
19919,67673,68902
19920,67674,68903
19921,67675,68904
19922,67677,68603
19923,67678,68812
19924,67679,69003
19925,67680,68115
19926,67681,68841
19927,67683,68842
19928,67685,68309
19929,67687,68891
19930,67692,68847
19931,67693,69096
19932,67694,68850
19933,67695,69081
19934,67696,68932
19935,67698,68943
19936,67702,69121
19937,67705,68804
19938,67707,69100
19939,67708,68940
19940,67709,68941
19941,67716,69106
19942,67717,68781
19943,67718,68650
19944,67719,68793
19945,67720,69321
19946,67723,68504
19947,67724,68587
19948,67727,68696
19949,67729,68758
19950,67730,68428
19951,67731,69116
19952,67732,68508
19953,67734,68863
19954,67735,68476
19955,67737,68866
19956,67738,68968
19957,67739,68814
19958,67742,68972
19959,67743,68973
19960,67748,69312
19961,67749,68819
19962,67752,68898
19963,67753,68946
19964,67755,68988
19965,67756,68175
19966,67759,68459
19967,67761,68900
19968,67762,68564
19969,67764,68993
19970,67765,68994
19971,67768,68690
19972,67771,68880
19973,67773,68215
19974,67775,69280
19975,67776,69004
19976,67778,68703
19977,67779,68884
19978,67783,68990
19979,67784,68868
19980,67786,68774
19981,67788,68579
19982,67790,69126
19983,67793,68405
19984,67794,68583
19985,67795,69127
19986,67796,68716
19987,67797,68237
19988,67798,69050
19989,67799,69027
19990,67802,68857
19991,67803,69029
19992,67810,69115
19993,67812,68595
19994,67815,69055
19995,67816,69052
19996,67817,69053
19997,67821,69016
19998,67831,69066
19999,67834,69062
20000,67835,69063
20001,67840,69320
20002,67843,68361
20003,67846,68876
20004,67851,68938
20005,67853,68470
20006,67855,68888
20007,67858,69077
20008,67863,68736
20009,67865,68783
20010,67866,69247
20011,67867,68785
20012,67868,68511
20013,67870,68681
20014,67874,69306
20015,67876,68662
20016,67877,68226
20017,67878,68299
20018,67882,68923
20019,67883,68313
20020,67887,69223
20021,67889,68907
20022,67891,68966
20023,67896,68339
20024,67897,68651
20025,67898,69148
20026,67901,68970
20027,67903,68676
20028,67906,68273
20029,67909,68074
20030,67910,68073
20031,67915,68269
20032,67916,68708
20033,67919,69245
20034,67920,69333
20035,67924,69200
20036,67928,69210
20037,67929,69163
20038,67930,68722
20039,67938,68416
20040,67940,68358
20041,67942,69035
20042,67947,69083
20043,67951,69309
20044,67952,69199
20045,67954,69268
20046,67956,68432
20047,67958,68433
20048,67959,68877
20049,67963,68381
20050,67964,69156
20051,67968,69017
20052,67971,69023
20053,67973,69217
20054,67974,68445
20055,67975,68635
20056,67976,69227
20057,67977,68653
20058,67980,68590
20059,67981,69262
20060,67982,69265
20061,67983,68401
20062,67991,69132
20063,67996,69206
20064,67997,69054
20065,67999,69135
20066,68000,69211
20067,68001,68945
20068,68002,69215
20069,68007,68669
20070,68008,69138
20071,68009,69183
20072,68010,68619
20073,68012,69176
20074,68015,68537
20075,68024,68238
20076,68028,68542
20077,68030,68249
20078,68033,69230
20079,68035,68948
20080,68037,68808
20081,68047,68963
20082,68048,68720
20083,68058,68655
20084,68061,69172
20085,68062,68560
20086,68063,69188
20087,68064,68518
20088,68069,68935
20089,68075,68992
20090,68077,69009
20091,68080,68523
20092,68084,69002
20093,68089,68179
20094,68091,68883
20095,68092,69279
20096,68096,69290
20097,68098,69128
20098,68099,69158
20099,68108,69298
20100,68112,69168
20101,68114,69133
20102,68120,68546
20103,68126,68824
20104,68134,69270
20105,68141,68646
20106,68145,68558
20107,68161,69289
20108,68163,69292
20109,68170,68540
20110,68173,68792
20111,68174,69310
20112,68181,69203
20113,68188,68790
20114,68190,68926
20115,68191,68553
20116,68194,69296
20117,68197,68861
20118,68198,69041
20119,68200,69109
20120,68212,68996
20121,68213,68627
20122,68218,68997
20123,68232,68845
20124,68243,68955
20125,68247,69149
20126,68254,69239
20127,68259,68995
20128,68263,69281
20129,68267,68871
20130,68277,68912
20131,68278,69030
20132,68279,68985
20133,68282,68982
20134,68301,69025
20135,68302,68894
20136,68306,68957
20137,68312,69237
20138,68321,68879
20139,68366,68897
20140,68368,68899
20141,68373,68874
20142,68377,68828
20143,68386,69006
20144,68391,68748
20145,68396,69022
20146,68397,69076
20147,68411,68895
20148,68413,68795
20149,68426,68859
20150,68430,68984
20151,68446,69131
20152,68451,68950
20153,68477,69356
20154,68480,69283
20155,68487,69110
20156,68516,69260
20157,68521,69274
20158,68549,68954
20159,68554,68967
20160,68566,69045
20161,68571,69161
20162,68575,68936
20163,68578,69166
20164,68607,68910
20165,68616,69033
20166,68632,69101
20167,68659,69246
20168,68665,69113
20169,68682,69085
20170,68683,68918
20171,68693,68987
20172,68701,69010
20173,68805,69229
20174,67926,69079
20175,67624,69080
20176,67867,69084
20177,69004,69089
20178,68939,69143
20179,67822,69173
20180,67937,69182
20181,68794,69212
20182,67393,69220
20183,67473,69225
20184,67917,69236
20185,68686,69269
20186,67356,69301
20187,67998,69304
20188,67506,69305
20189,68234,69307
20190,67708,69313
20191,67113,69315
20192,68050,69323
20193,68606,69334
20194,67116,69339
20195,68597,69340
20196,67749,69344
20197,67000,69347
20198,67674,69350
20199,66764,69351
20200,66815,69354
20201,68456,69355
20202,67785,69358
20203,66795,69359
20204,68760,69361
20205,68774,69362
20206,68339,69368
20207,67036,69415
20208,67040,69417
20209,66721,69433
20210,66944,69437
20211,68496,69440
20212,69281,69460
20213,67474,69462
20214,69139,69469
20215,67111,69472
20216,68118,69473
20217,68696,69484
20218,69622,70639
20219,69624,70464
20220,69646,70320
20221,69654,70568
20222,69684,70559
20223,69712,71477
20224,69761,70771
20225,69773,71187
20226,69797,70668
20227,69841,70141
20228,69862,73754
20229,69870,70538
20230,69873,73142
20231,69965,70163
20232,69991,70772
20233,70049,70530
20234,70077,73459
20235,70082,73485
20236,70089,70866
20237,70096,72791
20238,70098,73548
20239,70103,73562
20240,70104,73504
20241,70105,72804
20242,70139,73397
20243,70140,72515
20244,70157,72595
20245,70159,71800
20246,70161,72079
20247,70167,72546
20248,70170,72572
20249,70173,72078
20250,70176,70893
20251,70181,73401
20252,70188,71834
20253,70194,73383
20254,70195,72575
20255,70203,72941
20256,70206,71820
20257,70207,73422
20258,70211,72169
20259,70215,71994
20260,70216,72896
20261,70225,71751
20262,70236,71222
20263,70245,72532
20264,70253,72543
20265,70268,72665
20266,70273,72356
20267,70274,72662
20268,70278,72658
20269,70279,72678
20270,70281,72666
20271,70326,70603
20272,70343,72424
20273,70352,70684
20274,70371,73261
20275,70380,70615
20276,70382,71428
20277,70386,73084
20278,70389,71882
20279,70390,73513
20280,70393,73058
20281,70411,70857
20282,70417,72501
20283,70420,71907
20284,70437,73778
20285,70458,71652
20286,70467,72578
20287,70478,73226
20288,70485,72266
20289,70507,71392
20290,70517,73324
20291,70520,72420
20292,70521,73188
20293,70523,73279
20294,70554,71583
20295,70566,73272
20296,70569,72101
20297,70576,73880
20298,70577,73377
20299,70587,72176
20300,70599,73675
20301,70600,73676
20302,70625,71313
20303,70631,72405
20304,70640,73804
20305,70661,72675
20306,70662,73840
20307,70675,72722
20308,70691,73110
20309,70693,72627
20310,70694,73748
20311,70695,73677
20312,70701,73747
20313,70703,73252
20314,70710,71218
20315,70711,73697
20316,70713,73231
20317,70714,72599
20318,70749,73082
20319,70763,73116
20320,70764,72471
20321,70768,73112
20322,70775,71402
20323,70778,73764
20324,70791,72676
20325,70795,71403
20326,70799,73828
20327,70805,72469
20328,70808,71274
20329,70812,72481
20330,70813,72482
20331,70814,73765
20332,70850,72130
20333,70873,73682
20334,70876,72725
20335,70892,72608
20336,70897,72246
20337,70915,71269
20338,70916,71267
20339,70925,73700
20340,70931,73690
20341,70932,73678
20342,70933,71414
20343,70937,72619
20344,70938,72620
20345,70939,73696
20346,70950,72095
20347,70964,73780
20348,70969,73827
20349,70970,72158
20350,70979,71416
20351,71000,73792
20352,71011,73755
20353,71027,72512
20354,71028,71780
20355,71048,73685
20356,71051,73693
20357,71063,71570
20358,71069,72265
20359,71070,72711
20360,71100,71275
20361,71111,73454
20362,71120,73691
20363,71124,72636
20364,71126,72048
20365,71137,73701
20366,71144,72372
20367,71149,72144
20368,71158,72962
20369,71168,72964
20370,71172,73192
20371,71176,71526
20372,71177,71797
20373,71179,73227
20374,71180,73482
20375,71182,72663
20376,71183,73166
20377,71185,73274
20378,71188,73869
20379,71189,73786
20380,71190,73339
20381,71191,73396
20382,71192,72070
20383,71196,71732
20384,71197,73301
20385,71198,73404
20386,71201,72890
20387,71205,72033
20388,71207,73534
20389,71210,72440
20390,71212,72594
20391,71216,73424
20392,71217,73349
20393,71219,72179
20394,71220,73334
20395,71221,72951
20396,71223,72484
20397,71226,72956
20398,71227,72329
20399,71228,71614
20400,71229,72518
20401,71233,72598
20402,71235,72622
20403,71237,73604
20404,71238,72623
20405,71239,73295
20406,71240,72592
20407,71242,73319
20408,71243,72547
20409,71244,73305
20410,71245,72455
20411,71246,72600
20412,71247,72454
20413,71249,71958
20414,71250,72367
20415,71251,72570
20416,71252,72465
20417,71253,72579
20418,71254,72121
20419,71255,73515
20420,71256,72549
20421,71257,73417
20422,71258,72054
20423,71259,72685
20424,71260,73557
20425,71261,72611
20426,71262,72612
20427,71263,72557
20428,71264,72478
20429,71265,73573
20430,71266,72132
20431,71268,72568
20432,71272,72601
20433,71273,71404
20434,71276,72502
20435,71277,72503
20436,71278,72504
20437,71279,72506
20438,71282,72510
20439,71283,72513
20440,71285,73156
20441,71287,72453
20442,71289,73331
20443,71290,73151
20444,71291,72380
20445,71293,72727
20446,71294,72525
20447,71296,72564
20448,71298,72468
20449,71299,72317
20450,71300,72857
20451,71301,73335
20452,71302,72848
20453,71303,72870
20454,71304,72703
20455,71305,72900
20456,71306,72569
20457,71307,72476
20458,71309,71928
20459,71310,72315
20460,71311,72872
20461,71312,72492
20462,71314,72457
20463,71315,72850
20464,71316,72895
20465,71317,72105
20466,71318,73180
20467,71319,72644
20468,71320,72459
20469,71321,72879
20470,71322,72551
20471,71323,73327
20472,71324,72460
20473,71326,73080
20474,71327,73405
20475,71328,71884
20476,71330,73063
20477,71331,73406
20478,71333,73056
20479,71334,72957
20480,71335,71889
20481,71337,72343
20482,71338,72736
20483,71339,72464
20484,71342,72574
20485,71343,71853
20486,71345,72854
20487,71346,73531
20488,71347,72466
20489,71348,72398
20490,71349,73214
20491,71350,72907
20492,71351,72987
20493,71352,72583
20494,71358,73184
20495,71359,73775
20496,71360,72838
20497,71361,73179
20498,71362,72916
20499,71363,73421
20500,71365,73375
20501,71366,72558
20502,71367,73238
20503,71368,72545
20504,71371,73337
20505,71374,73004
20506,71375,73026
20507,71376,73373
20508,71377,73560
20509,71378,72937
20510,71380,72477
20511,71381,72846
20512,71382,72677
20513,71383,73551
20514,71384,73315
20515,71385,72618
20516,71386,73427
20517,71387,72483
20518,71388,72470
20519,71389,72730
20520,71390,72624
20521,71391,72625
20522,71394,72757
20523,71396,73351
20524,71397,72103
20525,71398,73162
20526,71399,73269
20527,71400,72327
20528,71401,72487
20529,71405,73510
20530,71406,72770
20531,71407,73157
20532,71408,73521
20533,71409,73821
20534,71410,72975
20535,71411,72442
20536,71415,72444
20537,71418,72651
20538,71419,72650
20539,71420,72781
20540,71421,72997
20541,71422,72698
20542,71423,72383
20543,71424,72843
20544,71425,72981
20545,71427,72986
20546,71429,72413
20547,71430,73158
20548,71431,72768
20549,71432,72765
20550,71434,72802
20551,71436,72767
20552,71437,72990
20553,71438,73386
20554,71439,72683
20555,71440,73791
20556,71441,72972
20557,71442,72998
20558,71443,72649
20559,71445,73332
20560,71447,72530
20561,71449,73001
20562,71450,73057
20563,71451,72792
20564,71452,72776
20565,71453,72474
20566,71455,73425
20567,71456,73708
20568,71458,71877
20569,71461,73471
20570,71462,73661
20571,71464,72720
20572,71465,72978
20573,71467,73484
20574,71468,73326
20575,71469,73592
20576,71470,72970
20577,71471,73536
20578,71472,73415
20579,71473,73830
20580,71474,73055
20581,71475,73643
20582,71476,73420
20583,71479,72942
20584,71480,73256
20585,71482,72507
20586,71483,72511
20587,71484,73753
20588,71485,73462
20589,71486,72556
20590,71487,72071
20591,71490,72213
20592,71491,73392
20593,71492,73633
20594,71493,73165
20595,71494,72691
20596,71495,72548
20597,71496,71970
20598,71497,72734
20599,71498,73589
20600,71499,73190
20601,71500,72968
20602,71501,72563
20603,71502,73090
20604,71503,71952
20605,71504,73032
20606,71505,73371
20607,71506,72318
20608,71508,72324
20609,71509,72875
20610,71510,72913
20611,71511,73045
20612,71512,72472
20613,71514,73558
20614,71515,73839
20615,71516,72989
20616,71518,72833
20617,71519,72509
20618,71520,72669
20619,71521,72839
20620,71522,72198
20621,71523,73367
20622,71524,73127
20623,71525,73078
20624,71527,72762
20625,71528,72232
20626,71529,72861
20627,71530,72863
20628,71531,72661
20629,71533,72664
20630,71534,72885
20631,71535,72873
20632,71536,72874
20633,71537,72668
20634,71538,73086
20635,71539,72694
20636,71540,72560
20637,71541,72905
20638,71542,72357
20639,71544,73281
20640,71545,72106
20641,71546,73096
20642,71547,72908
20643,71548,72845
20644,71549,72844
20645,71550,73099
20646,71551,72292
20647,71552,72918
20648,71553,72920
20649,71554,72797
20650,71555,72922
20651,71556,72949
20652,71558,72239
20653,71559,72931
20654,71560,72785
20655,71561,72451
20656,71562,72687
20657,71563,72938
20658,71565,72947
20659,71566,73119
20660,71567,72370
20661,71568,72753
20662,71569,73103
20663,71571,72952
20664,71573,72834
20665,71574,72744
20666,71575,73145
20667,71576,72864
20668,71577,72772
20669,71578,72855
20670,71579,72894
20671,71580,73221
20672,71581,72910
20673,71582,73225
20674,71584,72793
20675,71585,72917
20676,71586,73545
20677,71587,73276
20678,71588,72903
20679,71589,73271
20680,71590,72831
20681,71591,72832
20682,71592,72717
20683,71594,72759
20684,71595,72760
20685,71597,73649
20686,71598,72897
20687,71599,73141
20688,71600,72514
20689,71601,72136
20690,71602,73388
20691,71603,73650
20692,71604,73126
20693,71605,73148
20694,71606,73002
20695,71607,72764
20696,71608,72603
20697,71609,72204
20698,71610,72655
20699,71611,72205
20700,71615,72763
20701,71617,73041
20702,71618,73257
20703,71619,73154
20704,71620,72859
20705,71621,72771
20706,71622,72414
20707,71623,72219
20708,71624,72867
20709,71625,73514
20710,71626,73607
20711,71628,73835
20712,71629,72911
20713,71630,73170
20714,71631,73131
20715,71632,72773
20716,71633,73175
20717,71634,72819
20718,71635,72775
20719,71636,72876
20720,71637,72782
20721,71638,72878
20722,71639,72542
20723,71640,73047
20724,71641,73505
20725,71642,72554
20726,71643,72729
20727,71644,72721
20728,71645,72779
20729,71647,72823
20730,71648,72780
20731,71649,72073
20732,71650,72243
20733,71653,73191
20734,71654,72672
20735,71655,73799
20736,71658,73518
20737,71659,72253
20738,71660,72816
20739,71661,72813
20740,71662,72784
20741,71664,72719
20742,71665,72699
20743,71666,72786
20744,71667,72157
20745,71668,72388
20746,71669,73203
20747,71670,73211
20748,71671,72435
20749,71672,72581
20750,71673,72298
20751,71675,72788
20752,71676,72798
20753,71677,72794
20754,71678,72820
20755,71679,73132
20756,71680,72279
20757,71681,72681
20758,71682,72790
20759,71683,72355
20760,71684,72267
20761,71685,73230
20762,71687,73647
20763,71688,72925
20764,71689,72807
20765,71690,72365
20766,71691,72684
20767,71692,72749
20768,71693,72296
20769,71694,72799
20770,71695,73561
20771,71696,72537
20772,71697,72800
20773,71698,72801
20774,71699,72939
20775,71700,72613
20776,71702,73254
20777,71703,72254
20778,71705,73186
20779,71706,73008
20780,71707,72805
20781,71708,72806
20782,71709,73028
20783,71710,72653
20784,71711,72334
20785,71712,73037
20786,71713,72828
20787,71714,72774
20788,71715,72412
20789,71716,73626
20790,71717,72659
20791,71719,72960
20792,71720,72631
20793,71721,73135
20794,71722,72985
20795,71723,72409
20796,71725,73081
20797,71726,72841
20798,71727,72555
20799,71728,72871
20800,71729,72707
20801,71730,72967
20802,71731,73189
20803,71733,73053
20804,71734,72919
20805,71735,73107
20806,71736,73702
20807,71738,72979
20808,71739,72590
20809,71740,72656
20810,71741,73163
20811,71742,72527
20812,71743,73296
20813,71744,72822
20814,71745,72869
20815,71746,73006
20816,71747,73298
20817,71748,73289
20818,71749,72991
20819,71750,72526
20820,71752,73003
20821,71753,72830
20822,71755,72686
20823,71756,73308
20824,71757,73307
20825,71758,73282
20826,71759,73646
20827,71760,73014
20828,71761,72946
20829,71762,72411
20830,71763,73450
20831,71764,72341
20832,71765,72809
20833,71767,72945
20834,71768,72930
20835,71769,72932
20836,71773,72731
20837,71775,73302
20838,71776,73365
20839,71778,73204
20840,71781,72610
20841,71782,72445
20842,71783,73285
20843,71786,73387
20844,71790,72842
20845,71791,73657
20846,71792,72406
20847,71794,72852
20848,71795,73046
20849,71796,72700
20850,71798,73578
20851,71799,72531
20852,71801,73330
20853,71803,73278
20854,71804,73017
20855,71805,73611
20856,71806,73329
20857,71807,72883
20858,71809,73193
20859,71812,73197
20860,71813,72899
20861,71818,72336
20862,71819,73621
20863,71821,71990
20864,71822,71987
20865,71824,73555
20866,71825,73108
20867,71826,72929
20868,71827,72431
20869,71828,73134
20870,71829,72616
20871,71831,73070
20872,71833,73579
20873,71835,72647
20874,71836,73268
20875,71837,73258
20876,71838,73076
20877,71839,73265
20878,71840,73187
20879,71841,73292
20880,71842,73277
20881,71843,73092
20882,71844,73143
20883,71845,72704
20884,71847,73176
20885,71848,72235
20886,71849,72224
20887,71850,72777
20888,71851,73177
20889,71852,72708
20890,71854,73196
20891,71855,73207
20892,71856,72576
20893,71857,72824
20894,71859,73512
20895,71860,72202
20896,71861,72795
20897,71862,73236
20898,71863,73310
20899,71864,73244
20900,71865,73246
20901,71866,73106
20902,71867,72300
20903,71868,73251
20904,71869,73220
20905,71870,72303
20906,71871,73140
20907,71872,72826
20908,71873,72796
20909,71874,73260
20910,71875,73205
20911,71876,73218
20912,71878,73123
20913,71879,73125
20914,71883,73223
20915,71885,73198
20916,71886,72817
20917,71887,73168
20918,71888,72921
20919,71890,72893
20920,71891,73239
20921,71892,73137
20922,71893,73030
20923,71894,73117
20924,71896,73031
20925,71897,73111
20926,71899,73603
20927,71900,73312
20928,71901,72328
20929,71902,73464
20930,71903,73347
20931,71904,73077
20932,71905,72353
20933,71906,72363
20934,71908,73655
20935,71909,72524
20936,71911,72211
20937,71913,73475
20938,71914,73121
20939,71915,73114
20940,71916,73209
20941,71917,72865
20942,71918,72974
20943,71919,72860
20944,71920,73155
20945,71921,73393
20946,71922,73159
20947,71923,72346
20948,71924,73606
20949,71925,73083
20950,71927,72959
20951,71929,73016
20952,71930,73085
20953,71931,73398
20954,71932,73266
20955,71933,73042
20956,71934,73783
20957,71935,73115
20958,71936,72567
20959,71937,73169
20960,71938,72368
20961,71940,73502
20962,71943,73087
20963,71944,73088
20964,71945,72559
20965,71946,73795
20966,71947,73730
20967,71948,73245
20968,71949,72993
20969,71950,73620
20970,71951,73635
20971,71954,72892
20972,71955,73519
20973,71956,73091
20974,71957,73130
20975,71959,73199
20976,71961,73202
20977,71962,73038
20978,71963,73355
20979,71964,73093
20980,71965,73149
20981,71967,72818
20982,71968,73498
20983,71971,72977
20984,71972,73212
20985,71973,72995
20986,71974,73357
20987,71975,73097
20988,71976,73219
20989,71977,73098
20990,71978,72278
20991,71979,73224
20992,71980,73100
20993,71981,73133
20994,71982,73101
20995,71983,73546
20996,71984,72915
20997,71985,72349
20998,71986,73233
20999,71988,73171
21000,71989,73234
21001,71991,72884
21002,71992,73240
21003,71996,72535
21004,71997,73109
21005,71998,72366
21006,72001,72633
21007,72002,72741
21008,72003,73249
21009,72004,73644
21010,72005,73113
21011,72006,73200
21012,72007,73568
21013,72008,72976
21014,72009,73007
21015,72010,72944
21016,72011,73120
21017,72012,73259
21018,72013,72948
21019,72014,73122
21020,72015,73237
21021,72016,72617
21022,72018,72446
21023,72019,72404
21024,72020,73483
21025,72021,73124
21026,72023,73286
21027,72024,73714
21028,72025,72755
21029,72026,73075
21030,72027,72097
21031,72028,73064
21032,72029,73596
21033,72030,72461
21034,72031,73364
21035,72032,72401
21036,72034,73888
21037,72035,73353
21038,72036,73290
21039,72037,73288
21040,72038,73287
21041,72039,72657
21042,72040,73618
21043,72041,72382
21044,72042,73486
21045,72043,72868
21046,72045,72904
21047,72046,73608
21048,72047,72667
21049,72049,73460
21050,72050,73526
21051,72053,73304
21052,72057,72934
21053,72058,73313
21054,72059,73316
21055,72060,73317
21056,72061,72692
21057,72062,72397
21058,72063,73309
21059,72064,72752
21060,72065,73012
21061,72066,73360
21062,72067,73273
21063,72069,73800
21064,72076,72973
21065,72080,73492
21066,72081,73463
21067,72082,73138
21068,72083,73343
21069,72084,73173
21070,72085,73384
21071,72086,73146
21072,72087,73363
21073,72088,72847
21074,72089,73793
21075,72090,73255
21076,72091,72928
21077,72092,72701
21078,72093,73767
21079,72094,72858
21080,72099,73241
21081,72102,72705
21082,72104,72706
21083,72107,73300
21084,72108,73185
21085,72111,73591
21086,72113,72825
21087,72114,73656
21088,72115,73599
21089,72116,73593
21090,72118,73370
21091,72119,72866
21092,72122,72923
21093,72123,72924
21094,72124,73622
21095,72126,72751
21096,72127,73069
21097,72128,72994
21098,72129,73382
21099,72131,73354
21100,72133,72695
21101,72137,73144
21102,72138,73509
21103,72139,73467
21104,72140,73267
21105,72141,73476
21106,72142,73011
21107,72145,73559
21108,72146,73472
21109,72147,73487
21110,72148,73437
21111,72149,73496
21112,72150,73172
21113,72152,73511
21114,72153,72710
21115,72154,73520
21116,72155,73524
21117,72156,72761
21118,72159,73533
21119,72160,73810
21120,72161,73539
21121,72162,73540
21122,72163,73542
21123,72164,73449
21124,72165,72640
21125,72166,72914
21126,72167,73549
21127,72168,73694
21128,72170,73553
21129,72171,73567
21130,72172,72607
21131,72173,73563
21132,72174,73566
21133,72175,72999
21134,72177,72690
21135,72178,73575
21136,72181,72808
21137,72182,73538
21138,72183,73390
21139,72184,73523
21140,72186,73439
21141,72187,73522
21142,72188,73543
21143,72189,73480
21144,72192,73452
21145,72193,73022
21146,72194,73453
21147,72197,73457
21148,72199,73590
21149,72200,73465
21150,72201,73423
21151,72203,72490
21152,72207,73939
21153,72208,73468
21154,72209,73586
21155,72210,73601
21156,72214,73391
21157,72216,73164
21158,72217,73409
21159,72218,73436
21160,72222,73924
21161,72223,73489
21162,72225,73493
21163,72226,73494
21164,72227,73129
21165,72228,73399
21166,72229,73395
21167,72230,73477
21168,72231,73497
21169,72233,73634
21170,72234,73400
21171,72236,73359
21172,72238,72671
21173,72240,73403
21174,72241,73021
21175,72242,73089
21176,72244,73658
21177,72245,73066
21178,72247,73174
21179,72248,73458
21180,72252,73051
21181,72255,73440
21182,72256,73441
21183,72257,73408
21184,72258,73503
21185,72259,72835
21186,72260,72898
21187,72261,73455
21188,72264,73181
21189,72269,72639
21190,72271,73537
21191,72272,73412
21192,72273,73413
21193,72274,73429
21194,72275,73414
21195,72277,73443
21196,72281,73508
21197,72283,73416
21198,72284,73822
21199,72286,72679
21200,72287,73550
21201,72288,73402
21202,72289,73447
21203,72290,73418
21204,72291,73407
21205,72294,73552
21206,72295,73311
21207,72297,73648
21208,72301,73564
21209,72302,73250
21210,72304,73389
21211,72305,73314
21212,72306,73669
21213,72308,73572
21214,72309,73426
21215,72310,73641
21216,72311,73574
21217,72312,73461
21218,72313,73571
21219,72314,73428
21220,72319,73653
21221,72320,73444
21222,72321,73580
21223,72322,73478
21224,72323,73581
21225,72325,73597
21226,72326,73617
21227,72330,73711
21228,72331,73094
21229,72332,73614
21230,72333,73664
21231,72335,72497
21232,72338,72953
21233,72339,73624
21234,72340,73619
21235,72342,73610
21236,72344,73297
21237,72347,72988
21238,72348,73588
21239,72352,73430
21240,72354,73871
21241,72358,73616
21242,72360,73527
21243,72369,73704
21244,72373,73466
21245,72376,73431
21246,72377,73582
21247,72378,72963
21248,72379,73150
21249,72385,73789
21250,72396,73025
21251,72399,73344
21252,72400,73341
21253,72402,73342
21254,72407,73350
21255,72415,73776
21256,72416,72544
21257,72417,73623
21258,72418,73346
21259,72419,73500
21260,72421,73217
21261,72423,73361
21262,72425,72635
21263,72428,73517
21264,72430,73195
21265,72432,73823
21266,72434,72958
21267,72436,73061
21268,72437,72585
21269,72438,73488
21270,72441,73652
21271,72447,73850
21272,72449,73598
21273,72450,73751
21274,72452,73044
21275,72456,73865
21276,72462,73874
21277,72463,73803
21278,72467,73813
21279,72473,73833
21280,72475,73556
21281,72480,73845
21282,72485,73673
21283,72486,73320
21284,72488,73757
21285,72491,73358
21286,72493,73807
21287,72494,73814
21288,72495,73817
21289,72496,73818
21290,72498,73232
21291,72499,73235
21292,72500,73857
21293,72505,73595
21294,72508,73703
21295,72516,73345
21296,72517,73717
21297,72519,73713
21298,72520,73679
21299,72521,73600
21300,72522,73433
21301,72528,73735
21302,72529,73139
21303,72534,73723
21304,72539,73490
21305,72540,73651
21306,72550,73062
21307,72561,73434
21308,72562,73692
21309,72565,73674
21310,72571,73525
21311,72573,73583
21312,72577,73736
21313,72580,73213
21314,72582,73535
21315,72584,73695
21316,72587,72715
21317,72588,73737
21318,72589,73034
21319,72591,73659
21320,72593,73446
21321,72596,73699
21322,72597,73105
21323,72602,73104
21324,72605,73576
21325,72606,73394
21326,72614,73706
21327,72615,73625
21328,72621,73709
21329,72626,73627
21330,72628,73852
21331,72629,72936
21332,72632,73746
21333,72634,73411
21334,72637,73019
21335,72641,73376
21336,72643,73243
21337,72648,73826
21338,72652,73761
21339,72654,73585
21340,72660,73160
21341,72670,73654
21342,72673,73615
21343,72674,73303
21344,72680,73594
21345,72682,73547
21346,72689,73293
21347,72693,72955
21348,72696,73855
21349,72697,73662
21350,72702,73325
21351,72709,73797
21352,72712,73844
21353,72713,73565
21354,72714,73448
21355,72716,73875
21356,72718,73809
21357,72732,73632
21358,72733,73612
21359,72735,73479
21360,72739,73102
21361,72740,73333
21362,72742,73819
21363,72750,73328
21364,72756,73672
21365,72766,73348
21366,72769,73079
21367,72778,73362
21368,72783,73368
21369,72787,73410
21370,72789,73640
21371,72810,73584
21372,72811,73052
21373,72812,73474
21374,72814,73432
21375,72815,73495
21376,72821,73544
21377,72827,73072
21378,72829,73541
21379,72853,73438
21380,72856,73435
21381,72888,73798
21382,72901,73787
21383,72902,73530
21384,72909,73442
21385,72912,73577
21386,72927,73229
21387,72961,73445
21388,72965,73161
21389,72969,73636
21390,72971,73528
21391,72996,73299
21392,73009,73889
21393,73010,73385
21394,73018,73642
21395,73023,73629
21396,73024,73912
21397,73027,73838
21398,73039,73605
21399,73043,73609
21400,73049,73670
21401,73059,73660
21402,73152,73602
21403,73183,73788
21404,73208,73529
21405,73216,73812
21406,73222,73816
21407,73247,73837
21408,73264,73849
21409,73284,73569
21410,72451,73630
21411,72367,73637
21412,73092,73638
21413,72172,73645
21414,70763,73705
21415,72802,73726
21416,72334,73738
21417,73107,73739
21418,71920,73770
21419,72498,73825
21420,70390,73829
21421,72013,73846
21422,71423,73861
21423,71728,73866
21424,72965,73883
21425,71494,73886
21426,71538,73895
21427,72733,73897
21428,72266,73899
21429,71515,73900
21430,73571,73902
21431,73837,73903
21432,73452,73906
21433,70694,73907
21434,72650,73908
21435,73200,73914
21436,71792,73918
21437,71327,73927
21438,72826,73932
21439,72083,73934
21440,72304,73937
21441,72182,73962
21442,72800,73973
21443,72712,73975
21444,73426,73976
21445,73445,73982
21446,72450,73986
21447,72720,73988
21448,72231,73994
21449,73803,74005
21450,71358,74010
21451,71307,74016
21452,71706,74017
21453,72584,74018
21454,73258,74024
21455,72810,74025
21456,72561,74026
21457,73399,74030
21458,70225,74034
21459,72829,74040
21460,72308,74041
21461,74095,75155
21462,74193,75372
21463,74204,74854
21464,74263,75787
21465,74282,74557
21466,74302,74706
21467,74321,75567
21468,74333,75219
21469,74341,74987
21470,74357,76086
21471,74381,77366
21472,74396,77435
21473,74399,77913
21474,74413,74910
21475,74421,77380
21476,74422,76072
21477,74446,74931
21478,74459,75001
21479,74468,75282
21480,74475,75202
21481,74489,74893
21482,74570,78328
21483,74588,75472
21484,74622,77030
21485,74625,76734
21486,74628,75573
21487,74664,76261
21488,74668,76759
21489,74671,77612
21490,74675,77343
21491,74712,78396
21492,74730,78430
21493,74762,75071
21494,74769,75196
21495,74782,76182
21496,74794,75513
21497,74811,75548
21498,74835,78184
21499,74849,77506
21500,74857,77425
21501,74903,77667
21502,74926,76110
21503,74950,75695
21504,74968,77941
21505,74999,77873
21506,75013,76565
21507,75020,75551
21508,75026,75352
21509,75080,76495
21510,75109,76469
21511,75169,76877
21512,75210,76287
21513,75230,76965
21514,75250,77220
21515,75365,76209
21516,75390,76800
21517,75394,76627
21518,75395,78302
21519,75405,76699
21520,75414,78206
21521,75441,77290
21522,75442,76156
21523,75466,76747
21524,75499,78301
21525,75502,76198
21526,75503,78198
21527,75516,76212
21528,75537,77138
21529,75549,78309
21530,75556,78383
21531,75557,78384
21532,75560,78387
21533,75562,78398
21534,75564,77136
21535,75565,76854
21536,75569,77500
21537,75572,77056
21538,75575,78410
21539,75581,77104
21540,75582,77061
21541,75585,77626
21542,75588,76394
21543,75590,77119
21544,75591,77550
21545,75592,78332
21546,75594,77357
21547,75595,77088
21548,75596,78295
21549,75597,77123
21550,75598,77124
21551,75599,78446
21552,75607,78464
21553,75608,77584
21554,75609,77130
21555,75611,78468
21556,75612,77327
21557,75613,78346
21558,75614,77889
21559,75616,76472
21560,75619,77137
21561,75622,77940
21562,75631,78330
21563,75632,78333
21564,75633,78318
21565,75635,78071
21566,75636,77048
21567,75637,78331
21568,75638,77287
21569,75639,76601
21570,75640,77157
21571,75641,78322
21572,75642,78454
21573,75644,77168
21574,75645,78339
21575,75648,77408
21576,75649,77183
21577,75650,77173
21578,75651,77031
21579,75652,77312
21580,75654,77641
21581,75656,78441
21582,75657,78121
21583,75658,78122
21584,75659,77186
21585,75660,77379
21586,75661,75972
21587,75662,76975
21588,75663,78399
21589,75666,78246
21590,75667,77762
21591,75668,78135
21592,75673,77241
21593,75675,78448
21594,75677,77202
21595,75678,77109
21596,75679,77085
21597,75681,78142
21598,75687,77836
21599,75688,78252
21600,75689,77342
21601,75690,78428
21602,75691,78208
21603,75693,78186
21604,75701,78319
21605,75702,78470
21606,75705,78435
21607,75707,77234
21608,75708,78256
21609,75709,77236
21610,75711,77205
21611,75717,77251
21612,75720,77256
21613,75721,78199
21614,75723,78461
21615,75724,78462
21616,75725,78463
21617,75726,78201
21618,75727,78345
21619,75729,77587
21620,75731,77266
21621,75732,78338
21622,75733,76960
21623,75735,78348
21624,75736,77280
21625,75737,77223
21626,75738,77398
21627,75739,76363
21628,75743,76858
21629,75745,77289
21630,75747,76891
21631,75749,77201
21632,75751,77301
21633,75754,77071
21634,75758,77319
21635,75759,77273
21636,75760,77594
21637,75762,78381
21638,75763,78113
21639,75764,76247
21640,75765,77305
21641,75767,78031
21642,75768,77316
21643,75769,78414
21644,75770,78036
21645,75771,77611
21646,75774,78041
21647,75775,77321
21648,75776,77323
21649,75778,77297
21650,75780,78337
21651,75781,77311
21652,75784,78061
21653,75785,78343
21654,75790,77974
21655,75797,77315
21656,75798,77336
21657,75800,78490
21658,75802,78055
21659,75803,77065
21660,75804,77424
21661,75808,76744
21662,75810,77494
21663,75812,76969
21664,75815,77898
21665,75816,77046
21666,75818,77925
21667,75819,77050
21668,75821,77307
21669,75822,76733
21670,75823,77164
21671,75824,77169
21672,75825,77261
21673,75826,76860
21674,75827,76861
21675,75828,77396
21676,75831,78116
21677,75833,77683
21678,75834,77414
21679,75835,78434
21680,75836,76824
21681,75837,78413
21682,75838,77689
21683,75839,77006
21684,75840,77994
21685,75841,78419
21686,75843,76588
21687,75845,78017
21688,75846,76717
21689,75847,78151
21690,75848,77064
21691,75849,78230
21692,75850,77188
21693,75852,77904
21694,75854,77385
21695,75856,77555
21696,75859,78007
21697,75862,77391
21698,75863,77875
21699,75864,76466
21700,75865,77395
21701,75866,77928
21702,75867,77080
21703,75868,77546
21704,75869,78207
21705,75870,77955
21706,75873,77151
21707,75874,77152
21708,75875,77778
21709,75876,77422
21710,75877,77160
21711,75879,77178
21712,75880,77184
21713,75881,77200
21714,75882,77242
21715,75883,77457
21716,75884,77990
21717,75885,77198
21718,75887,77423
21719,75888,78424
21720,75889,77212
21721,75890,77539
21722,75891,77213
21723,75892,77175
21724,75893,77428
21725,75894,77129
21726,75895,77217
21727,75896,77118
21728,75897,77229
21729,75898,77863
21730,75899,77240
21731,75900,77176
21732,75901,77440
21733,75902,77133
21734,75903,77227
21735,75904,77299
21736,75905,77437
21737,75906,76682
21738,75907,77882
21739,75908,77262
21740,75909,77451
21741,75910,77452
21742,75911,77270
21743,75912,77454
21744,75913,77410
21745,75914,77406
21746,75915,77823
21747,75916,76826
21748,75917,78076
21749,75918,77292
21750,75919,76763
21751,75920,78390
21752,75921,77148
21753,75922,77607
21754,75923,77924
21755,75924,77089
21756,75925,77090
21757,75926,77473
21758,75927,78281
21759,75928,77155
21760,75929,77717
21761,75930,78009
21762,75931,77891
21763,75932,77103
21764,75933,77150
21765,75934,77483
21766,75937,77094
21767,75938,77927
21768,75939,77313
21769,75940,77785
21770,75941,77786
21771,75944,77604
21772,75945,77308
21773,75946,77142
21774,75947,76392
21775,75948,76383
21776,75949,77105
21777,75950,77222
21778,75951,76859
21779,75952,77053
21780,75953,77591
21781,75954,77497
21782,75955,77409
21783,75956,77096
21784,75957,77097
21785,75959,78114
21786,75960,77411
21787,75961,77630
21788,75962,78264
21789,75963,77507
21790,75964,77100
21791,75966,77745
21792,75967,76869
21793,75968,77378
21794,75969,77245
21795,75970,77515
21796,75971,76828
21797,75973,77107
21798,75974,77187
21799,75975,77517
21800,75976,77102
21801,75977,78315
21802,75978,78293
21803,75979,77224
21804,75980,77149
21805,75981,77763
21806,75982,76881
21807,75983,76882
21808,75985,76884
21809,75986,77808
21810,75987,77195
21811,75988,77389
21812,75989,77529
21813,75990,76594
21814,75993,77375
21815,75994,76814
21816,75995,77733
21817,75996,78292
21818,75998,77442
21819,75999,77113
21820,76000,77114
21821,76001,77214
21822,76002,76906
21823,76003,77117
21824,76004,77219
21825,76005,77588
21826,76006,77492
21827,76007,76418
21828,76009,78432
21829,76010,77087
21830,76011,77120
21831,76012,77170
21832,76014,77108
21833,76015,77260
21834,76016,77382
21835,76017,77450
21836,76018,76758
21837,76020,77560
21838,76021,76622
21839,76022,77557
21840,76023,77561
21841,76024,77865
21842,76025,77238
21843,76026,76885
21844,76027,77567
21845,76028,77127
21846,76029,76892
21847,76030,77111
21848,76031,77571
21849,76033,78451
21850,76034,77239
21851,76035,77121
21852,76039,77525
21853,76040,77131
21854,76041,77259
21855,76042,77883
21856,76043,77077
21857,76044,77748
21858,76045,77265
21859,76046,76955
21860,76049,77126
21861,76050,77272
21862,76052,77857
21863,76053,77381
21864,76054,77596
21865,76055,77985
21866,76056,77666
21867,76057,77600
21868,76058,78213
21869,76059,77807
21870,76061,78159
21871,76062,77455
21872,76063,78248
21873,76064,77057
21874,76065,77073
21875,76066,77855
21876,76067,77332
21877,76068,77302
21878,76069,77322
21879,76073,77162
21880,76075,77628
21881,76076,77986
21882,76079,77646
21883,76082,77303
21884,76083,77644
21885,76084,76483
21886,76085,77317
21887,76087,77615
21888,76088,77832
21889,76089,77651
21890,76090,77698
21891,76091,77427
21892,76092,77676
21893,76093,77443
21894,76094,77623
21895,76097,77892
21896,76099,77329
21897,76100,78216
21898,76101,76967
21899,76104,77083
21900,76107,78320
21901,76108,77099
21902,76109,77508
21903,76111,78034
21904,76112,78289
21905,76116,77488
21906,76117,78174
21907,76118,77386
21908,76119,78143
21909,76120,76762
21910,76121,77659
21911,76122,78188
21912,76123,77444
21913,76124,77632
21914,76127,77714
21915,76128,77998
21916,76129,77355
21917,76130,76714
21918,76132,76462
21919,76133,77101
21920,76134,77267
21921,76135,77350
21922,76136,78239
21923,76137,77405
21924,76138,77660
21925,76139,77338
21926,76140,76482
21927,76141,77675
21928,76142,77796
21929,76143,77800
21930,76144,77501
21931,76145,77578
21932,76146,77367
21933,76147,77067
21934,76150,77649
21935,76151,77370
21936,76152,77340
21937,76154,77372
21938,76155,77534
21939,76157,77344
21940,76161,78232
21941,76162,76926
21942,76163,78012
21943,76165,77991
21944,76166,77449
21945,76167,77079
21946,76168,77271
21947,76169,78234
21948,76170,77349
21949,76171,78209
21950,76172,77625
21951,76173,78235
21952,76174,77471
21953,76175,77472
21954,76178,77719
21955,76179,77466
21956,76180,77485
21957,76181,77486
21958,76184,77730
21959,76185,77504
21960,76186,77098
21961,76187,77509
21962,76188,77727
21963,76189,77359
21964,76190,77416
21965,76191,78138
21966,76192,76420
21967,76193,77540
21968,76194,77429
21969,76195,77527
21970,76196,76528
21971,76197,78003
21972,76199,77547
21973,76200,77520
21974,76201,77559
21975,76202,77631
21976,76203,77565
21977,76204,77746
21978,76206,77703
21979,76207,77574
21980,76208,77475
21981,76210,77447
21982,76211,77581
21983,76213,77592
21984,76214,77595
21985,76216,77598
21986,76217,77757
21987,76218,77415
21988,76219,77293
21989,76220,77613
21990,76221,77563
21991,76222,77438
21992,76223,77532
21993,76224,77469
21994,76225,77542
21995,76227,77399
21996,76229,77468
21997,76230,78308
21998,76231,77523
21999,76232,77669
22000,76233,77448
22001,76234,77481
22002,76236,77697
22003,76237,76522
22004,76238,77782
22005,76240,77404
22006,76241,77463
22007,76243,78099
22008,76246,77638
22009,76248,77490
22010,76249,77467
22011,76250,77797
22012,76251,76548
22013,76252,78175
22014,76253,77403
22015,76255,77364
22016,76256,77369
22017,76257,77174
22018,76258,77503
22019,76259,77407
22020,76260,77032
22021,76262,77959
22022,76263,77420
22023,76266,77813
22024,76267,78164
22025,76268,77516
22026,76270,77426
22027,76271,76691
22028,76272,77961
22029,76273,77417
22030,76274,77522
22031,76275,77824
22032,76276,77192
22033,76277,77965
22034,76279,77825
22035,76280,77470
22036,76281,78081
22037,76282,76496
22038,76284,77421
22039,76285,77826
22040,76286,77478
22041,76288,77731
22042,76289,77678
22043,76290,77732
22044,76291,77830
22045,76292,78296
22046,76294,77997
22047,76295,78290
22048,76296,77009
22049,76297,77541
22050,76298,77944
22051,76300,77544
22052,76301,77460
22053,76302,77652
22054,76303,78394
22055,76305,77845
22056,76307,77221
22057,76308,77738
22058,76311,77432
22059,76312,77551
22060,76314,76940
22061,76315,77431
22062,76316,77553
22063,76317,78006
22064,76319,77434
22065,76320,76721
22066,76321,77859
22067,76322,77181
22068,76323,77562
22069,76324,77433
22070,76325,77589
22071,76326,77564
22072,76327,77439
22073,76328,77543
22074,76330,77862
22075,76331,77430
22076,76332,77831
22077,76333,77474
22078,76336,77573
22079,76337,77878
22080,76338,77921
22081,76339,78456
22082,76340,77255
22083,76341,78386
22084,76342,77521
22085,76343,77039
22086,76344,77582
22087,76345,77363
22088,76346,77583
22089,76348,77751
22090,76349,76705
22091,76350,77268
22092,76351,77400
22093,76352,77590
22094,76353,77453
22095,76355,76921
22096,76356,77441
22097,76358,77445
22098,76359,77456
22099,76360,77330
22100,76361,77043
22101,76362,77709
22102,76365,77605
22103,76369,77640
22104,76370,77514
22105,76371,77767
22106,76372,76936
22107,76373,77458
22108,76374,77755
22109,76375,77614
22110,76378,77479
22111,76379,77616
22112,76382,77165
22113,76384,76806
22114,76385,77446
22115,76386,77931
22116,76387,77347
22117,76388,77402
22118,76389,77935
22119,76390,76584
22120,76393,77734
22121,76395,77930
22122,76396,77627
22123,76397,76633
22124,76398,77549
22125,76399,77621
22126,76401,77558
22127,76402,77942
22128,76403,77419
22129,76404,77254
22130,76405,77620
22131,76406,77418
22132,76407,77634
22133,76408,77278
22134,76409,77333
22135,76410,77635
22136,76412,77718
22137,76413,77809
22138,76415,77788
22139,76417,77936
22140,76419,77728
22141,76421,78219
22142,76422,78288
22143,76424,77225
22144,76425,77477
22145,76427,77609
22146,76429,78107
22147,76430,76990
22148,76431,77658
22149,76432,77713
22150,76433,78018
22151,76434,77773
22152,76435,77827
22153,76436,77977
22154,76437,77051
22155,76438,77484
22156,76439,77979
22157,76440,77690
22158,76441,77794
22159,76442,77806
22160,76443,77253
22161,76445,77281
22162,76446,78033
22163,76447,77556
22164,76448,77969
22165,76451,78285
22166,76452,77829
22167,76453,78335
22168,76454,76895
22169,76458,77801
22170,76459,77934
22171,76460,77436
22172,76461,77769
22173,76463,78054
22174,76464,77248
22175,76465,77074
22176,76467,77580
22177,76468,77704
22178,76470,77887
22179,76471,77992
22180,76473,78262
22181,76474,77597
22182,76476,77900
22183,76477,77723
22184,76478,77784
22185,76479,77526
22186,76480,78027
22187,76481,77983
22188,76485,77793
22189,76486,77816
22190,76488,78083
22191,76489,78037
22192,76490,77412
22193,76491,78040
22194,76493,77112
22195,76494,77839
22196,76498,77842
22197,76499,77737
22198,76500,77849
22199,76501,77895
22200,76502,77896
22201,76503,78065
22202,76504,77348
22203,76505,77868
22204,76506,77722
22205,76507,77877
22206,76509,78066
22207,76510,77881
22208,76511,77320
22209,76512,77884
22210,76514,77885
22211,76515,77890
22212,76516,77922
22213,76517,77897
22214,76518,78217
22215,76519,78095
22216,76520,77907
22217,76521,77304
22218,76523,77906
22219,76524,77700
22220,76525,77909
22221,76526,77914
22222,76527,77911
22223,76529,78222
22224,76531,77950
22225,76532,77871
22226,76534,77772
22227,76536,76992
22228,76537,77776
22229,76538,78022
22230,76539,78023
22231,76540,77750
22232,76541,77196
22233,76543,77629
22234,76544,77487
22235,76545,77309
22236,76546,77593
22237,76547,78242
22238,76549,77749
22239,76550,77335
22240,76551,78643
22241,76552,78109
22242,76553,78110
22243,76554,78111
22244,76555,77054
22245,76556,77984
22246,76557,78097
22247,76558,77803
22248,76560,78112
22249,76562,77686
22250,76563,78247
22251,76564,77682
22252,76567,77511
22253,76569,77822
22254,76570,78125
22255,76571,77989
22256,76573,77725
22257,76574,78130
22258,76576,78153
22259,76577,77729
22260,76582,78202
22261,76583,77622
22262,76587,77373
22263,76589,77966
22264,76590,78513
22265,76591,77286
22266,76592,77695
22267,76593,78425
22268,76595,78251
22269,76597,77838
22270,76598,77736
22271,76599,77840
22272,76600,77724
22273,76602,77684
22274,76603,77943
22275,76604,78530
22276,76605,77908
22277,76606,78220
22278,76607,77726
22279,76609,77962
22280,76610,77226
22281,76611,77191
22282,76612,77835
22283,76613,77739
22284,76614,77740
22285,76615,77692
22286,76616,77854
22287,76617,77655
22288,76619,77742
22289,76620,78442
22290,76621,78156
22291,76623,78177
22292,76624,77864
22293,76625,77720
22294,76626,77917
22295,76628,77081
22296,76629,77706
22297,76630,77869
22298,76631,77872
22299,76634,76935
22300,76635,77275
22301,76638,77747
22302,76640,77576
22303,76641,77879
22304,76644,77951
22305,76645,77258
22306,76646,77774
22307,76649,78204
22308,76650,77952
22309,76651,77752
22310,76652,77780
22311,76653,77753
22312,76655,76962
22313,76656,77756
22314,76657,78070
22315,76658,77957
22316,76659,78215
22317,76660,77901
22318,76662,77761
22319,76664,77759
22320,76665,77461
22321,76666,77760
22322,76669,77764
22323,76671,77968
22324,76672,78077
22325,76673,77947
22326,76674,76889
22327,76675,77912
22328,76678,78016
22329,76679,77599
22330,76680,77923
22331,76684,78146
22332,76685,77163
22333,76687,77791
22334,76688,78118
22335,76689,77505
22336,76690,78244
22337,76693,77708
22338,76697,77938
22339,76698,78253
22340,76700,77939
22341,76701,77016
22342,76702,78255
22343,76703,77945
22344,76704,77937
22345,76706,77078
22346,76707,77888
22347,76708,77276
22348,76709,77023
22349,76710,77510
22350,76715,77004
22351,76716,77209
22352,76719,78163
22353,76723,77665
22354,76724,78210
22355,76726,77779
22356,76727,77670
22357,76728,77671
22358,76729,78098
22359,76730,78304
22360,76731,77674
22361,76735,77804
22362,76736,77331
22363,76738,78157
22364,76739,77814
22365,76740,77685
22366,76741,77569
22367,76742,77058
22368,76743,78131
22369,76748,77656
22370,76750,77834
22371,76751,77536
22372,76752,77650
22373,76753,77905
22374,76754,77654
22375,76756,77677
22376,76757,77851
22377,76760,78504
22378,76761,77482
22379,76764,77702
22380,76766,77664
22381,76767,77082
22382,76768,77513
22383,76769,77710
22384,76770,78119
22385,76771,78214
22386,76772,77899
22387,76773,77282
22388,76774,77712
22389,76775,78221
22390,76776,78090
22391,76778,78104
22392,76779,78105
22393,76781,78123
22394,76782,78172
22395,76783,78334
22396,76784,78129
22397,76785,78035
22398,76787,78091
22399,76788,78228
22400,76790,78145
22401,76791,78044
22402,76793,78158
22403,76794,78045
22404,76795,78166
22405,76796,78167
22406,76797,78168
22407,76798,78170
22408,76799,78443
22409,76802,78200
22410,76803,78180
22411,76804,78311
22412,76805,78182
22413,76807,78185
22414,76809,78087
22415,76810,78196
22416,76811,78307
22417,76813,77948
22418,76815,77789
22419,76816,78310
22420,76817,78165
22421,76818,77711
22422,76819,78212
22423,76820,77781
22424,76821,78223
22425,76823,78225
22426,76825,78086
22427,76827,78152
22428,76829,77853
22429,76830,77856
22430,76831,78179
22431,76832,78192
22432,76833,78211
22433,76834,77602
22434,76835,77903
22435,76837,78420
22436,76838,78085
22437,76840,78020
22438,76843,78021
22439,76845,78056
22440,76846,78395
22441,76847,77758
22442,76848,77926
22443,76849,78240
22444,76851,78063
22445,76852,77721
22446,76855,78102
22447,76856,78241
22448,76864,78028
22449,76868,77679
22450,76871,78287
22451,76872,78032
22452,76873,78124
22453,76874,78062
22454,76875,78127
22455,76876,78048
22456,76878,77358
22457,76880,78134
22458,76886,78052
22459,76887,78067
22460,76890,78421
22461,76894,77833
22462,76896,77790
22463,76897,78068
22464,76898,77538
22465,76900,78042
22466,76901,78002
22467,76903,78148
22468,76904,77841
22469,76905,78150
22470,76907,78120
22471,76908,78155
22472,76909,77608
22473,76910,78431
22474,76911,78161
22475,76912,78162
22476,76913,78297
22477,76915,78046
22478,76916,78064
22479,76917,78025
22480,76918,77765
22481,76919,78171
22482,76920,77766
22483,76923,78050
22484,76924,77146
22485,76928,78051
22486,76929,78082
22487,76930,78369
22488,76931,78060
22489,76932,78370
22490,76934,77741
22491,76937,77876
22492,76938,78079
22493,76939,78059
22494,76941,78195
22495,76943,77852
22496,76944,77880
22497,76948,78084
22498,76949,78026
22499,76951,77352
22500,76953,77681
22501,76956,78377
22502,76957,78378
22503,76958,78259
22504,76959,78128
22505,76963,78069
22506,76966,77699
22507,76968,78260
22508,76970,77770
22509,76971,78019
22510,76972,77397
22511,76973,78072
22512,76974,78326
22513,76976,78075
22514,76977,78043
22515,76978,78224
22516,76979,77203
22517,76981,77647
22518,76982,78294
22519,76983,77141
22520,76984,78001
22521,76985,77970
22522,76986,78450
22523,76987,78229
22524,76988,78047
22525,76989,78314
22526,76991,78237
22527,76994,78096
22528,76995,77324
22529,76996,77933
22530,76997,77619
22531,77000,78518
22532,77001,78249
22533,77005,78492
22534,77007,78365
22535,77012,78254
22536,77013,77657
22537,77014,77918
22538,77017,78178
22539,77019,78193
22540,77020,78236
22541,77021,78205
22542,77022,78154
22543,77026,77401
22544,77027,78306
22545,77035,78417
22546,77038,78455
22547,77040,78013
22548,77044,78218
22549,77047,77775
22550,77049,77976
22551,77052,78409
22552,77055,78497
22553,77059,77519
22554,77062,77787
22555,77072,77768
22556,77086,77279
22557,77091,78238
22558,77095,78024
22559,77116,78521
22560,77122,78049
22561,77132,78374
22562,77134,78508
22563,77135,78475
22564,77139,78388
22565,77143,77975
22566,77144,78433
22567,77145,78436
22568,77147,78480
22569,77153,78088
22570,77154,77995
22571,77156,78351
22572,77158,78321
22573,77159,77956
22574,77161,78149
22575,77166,77963
22576,77167,78299
22577,77171,77795
22578,77172,78100
22579,77177,77802
22580,77180,77799
22581,77189,78132
22582,77194,78137
22583,77206,77996
22584,77211,78089
22585,77218,78380
22586,77228,78366
22587,77230,78367
22588,77231,78203
22589,77235,77701
22590,77243,78187
22591,77250,78010
22592,77252,78011
22593,77269,78325
22594,77274,77972
22595,77284,77902
22596,77285,78379
22597,77296,77844
22598,77306,78392
22599,77314,77805
22600,77318,77688
22601,77325,78457
22602,77326,77707
22603,77328,78469
22604,77334,78245
22605,77339,78226
22606,77341,78291
22607,77345,78537
22608,77351,78458
22609,77353,78467
22610,77360,77648
22611,77362,77980
22612,77374,78278
22613,77459,78094
22614,77462,78106
22615,77464,78126
22616,77465,78169
22617,77480,78092
22618,77493,78073
22619,77495,78074
22620,77499,77982
22621,77528,78039
22622,77531,78423
22623,77533,78422
22624,77537,78144
22625,77548,78416
22626,77552,78078
22627,77554,78080
22628,77566,78298
22629,77572,78452
22630,77575,78272
22631,77585,77847
22632,77601,78243
22633,77610,78227
22634,77633,78197
22635,77663,78303
22636,77672,78393
22637,77687,78133
22638,77694,78438
22639,77696,78426
22640,77735,78058
22641,77743,78029
22642,77783,78282
22643,77811,78486
22644,77820,78415
22645,77837,78173
22646,77866,78181
22647,77867,78183
22648,77870,78460
22649,77874,78115
22650,77949,78258
22651,77981,78566
22652,78038,78474
22653,78189,78556
22654,76843,78261
22655,75913,78263
22656,76583,78266
22657,77826,78267
22658,77114,78268
22659,76194,78269
22660,77629,78271
22661,76404,78273
22662,76953,78275
22663,77602,78276
22664,76774,78277
22665,76388,78329
22666,78081,78368
22667,77832,78375
22668,78440,78524
22669,76017,78465
22670,77711,78472
22671,75883,78477
22672,77864,78501
22673,77329,78509
22674,75790,78511
22675,77327,78519
22676,75852,78523
22677,76781,78525
22678,75609,78526
22679,76723,78531
22680,77923,78532
22681,77001,78536
22682,75780,78538
22683,77521,78539
22684,75691,78541
22685,76656,78542
22686,78095,78543
22687,75499,78548
22688,78198,78550
22689,78069,78557
22690,77049,78558
22691,76211,78593
22692,77353,78597
22693,76662,78612
22694,76330,78631
22695,76874,78634
22696,77634,78637
22697,78205,78642
22698,78461,78656
22699,77891,78659
22700,78711,79986
22701,78731,78911
22702,78747,79311
22703,78800,79913
22704,78939,81379
22705,78941,79449
22706,78985,79194
22707,78986,80637
22708,79002,80073
22709,79072,79373
22710,79090,81032
22711,79097,79598
22712,79100,80451
22713,79129,79833
22714,79130,81743
22715,79167,82779
22716,79206,79721
22717,79223,79857
22718,79225,82787
22719,79255,82684
22720,79261,82439
22721,79263,82699
22722,79264,80954
22723,79265,79654
22724,79270,80425
22725,79282,82518
22726,79296,79501
22727,79304,80093
22728,79314,80162
22729,79323,82595
22730,79335,79847
22731,79338,79530
22732,79340,82586
22733,79347,79791
22734,79349,81098
22735,79362,79700
22736,79367,81944
22737,79371,79608
22738,79389,79672
22739,79390,82757
22740,79409,82614
22741,79421,82121
22742,79422,79725
22743,79423,81513
22744,79427,80993
22745,79437,80664
22746,79438,83006
22747,79445,80232
22748,79458,82923
22749,79482,79867
22750,79498,80086
22751,79515,82679
22752,79550,82213
22753,79567,80054
22754,79578,82581
22755,79601,80203
22756,79602,82682
22757,79612,82796
22758,79615,82749
22759,79627,80953
22760,79645,82594
22761,79657,80455
22762,79669,82644
22763,79670,82626
22764,79677,82343
22765,79693,82323
22766,79726,82183
22767,79759,81305
22768,79803,81803
22769,79884,80603
22770,79914,81792
22771,79922,81673
22772,79926,82660
22773,79965,81860
22774,79977,81796
22775,79989,81025
22776,80070,82704
22777,80141,82809
22778,80153,82145
22779,80156,81612
22780,80158,82917
22781,80166,81629
22782,80167,81681
22783,80168,82907
22784,80170,82913
22785,80173,82908
22786,80174,81607
22787,80176,81701
22788,80177,82890
22789,80179,83053
22790,80181,82178
22791,80182,81657
22792,80183,82341
22793,80184,81110
22794,80185,82956
22795,80187,82975
22796,80188,82537
22797,80189,81776
22798,80191,81739
22799,80193,82971
22800,80194,80515
22801,80196,81623
22802,80197,81779
22803,80199,80733
22804,80200,81542
22805,80201,81856
22806,80204,82401
22807,80206,82979
22808,80207,81621
22809,80210,81709
22810,80212,82600
22811,80213,82889
22812,80217,82446
22813,80218,83024
22814,80219,83033
22815,80221,81394
22816,80223,82166
22817,80233,82202
22818,80234,81790
22819,80235,83001
22820,80236,80861
22821,80239,83004
22822,80240,81795
22823,80242,81020
22824,80245,82233
22825,80246,81477
22826,80247,83014
22827,80252,81816
22828,80253,81818
22829,80258,82912
22830,80263,82315
22831,80269,81334
22832,80270,82891
22833,80272,82963
22834,80273,82380
22835,80275,81952
22836,80277,82948
22837,80278,81387
22838,80282,81706
22839,80284,81224
22840,80287,81546
22841,80291,81469
22842,80293,81485
22843,80294,81183
22844,80296,83044
22845,80299,83013
22846,80300,83038
22847,80301,81534
22848,80302,83045
22849,80303,82952
22850,80304,81299
22851,80305,82286
22852,80306,81853
22853,80308,82045
22854,80309,81874
22855,80310,81914
22856,80312,82899
22857,80313,82294
22858,80314,82984
22859,80315,81880
22860,80316,82905
22861,80317,81872
22862,80318,81531
22863,80319,81884
22864,80320,81977
22865,80321,80775
22866,80322,82951
22867,80323,82297
22868,80324,81235
22869,80325,81883
22870,80326,82893
22871,80327,82602
22872,80328,82355
22873,80330,81878
22874,80332,81888
22875,80333,82718
22876,80334,82720
22877,80335,82909
22878,80336,82904
22879,80337,82910
22880,80339,82482
22881,80340,83027
22882,80341,82915
22883,80342,82317
22884,80345,82765
22885,80346,81221
22886,80347,81849
22887,80349,82030
22888,80354,81592
22889,80359,82245
22890,80360,81778
22891,80368,82519
22892,80369,82911
22893,80373,81603
22894,80377,83050
22895,80379,80915
22896,80380,82652
22897,80381,81858
22898,80382,81724
22899,80385,81119
22900,80387,82544
22901,80390,82549
22902,80392,80948
22903,80393,82553
22904,80394,83058
22905,80395,82167
22906,80396,82988
22907,80397,82253
22908,80400,81554
22909,80402,82656
22910,80403,82995
22911,80404,81784
22912,80405,81301
22913,80409,82683
22914,80411,82996
22915,80414,81861
22916,80416,81246
22917,80417,82827
22918,80419,81864
22919,80421,82379
22920,80422,82698
22921,80423,82881
22922,80424,82141
22923,80426,82577
22924,80428,81865
22925,80429,81799
22926,80430,81660
22927,80431,81107
22928,80432,81765
22929,80433,82043
22930,80434,81488
22931,80435,81414
22932,80437,81296
22933,80438,81199
22934,80439,81520
22935,80441,81755
22936,80442,82066
22937,80443,81671
22938,80444,81960
22939,80445,81259
22940,80446,81627
22941,80447,82063
22942,80448,82151
22943,80449,81750
22944,80450,81788
22945,80452,81481
22946,80453,81798
22947,80454,82303
22948,80456,82842
22949,80457,82106
22950,80458,81809
22951,80459,81723
22952,80460,83022
22953,80461,81821
22954,80462,81694
22955,80463,82694
22956,80464,82175
22957,80465,81741
22958,80467,81698
22959,80468,81704
22960,80469,81841
22961,80470,81842
22962,80471,81641
22963,80472,81847
22964,80473,82225
22965,80474,82256
22966,80475,81543
22967,80478,82077
22968,80479,81403
22969,80480,81362
22970,80482,81187
22971,80483,82143
22972,80484,81716
22973,80485,81726
22974,80486,81411
22975,80487,82089
22976,80488,81042
22977,80489,81333
22978,80490,82034
22979,80491,81566
22980,80492,82772
22981,80493,82222
22982,80494,81730
22983,80496,81734
22984,80498,81971
22985,80499,82897
22986,80500,82550
22987,80501,81664
22988,80503,82049
22989,80504,81298
22990,80505,81668
22991,80506,81572
22992,80507,81516
22993,80508,82060
22994,80509,83028
22995,80510,81677
22996,80512,82662
22997,80513,81448
22998,80514,81760
22999,80516,81762
23000,80517,81764
23001,80518,81766
23002,80519,82074
23003,80520,82711
23004,80521,82307
23005,80522,81717
23006,80524,83009
23007,80525,81533
23008,80526,82428
23009,80527,81707
23010,80528,82937
23011,80529,81775
23012,80530,81465
23013,80532,81468
23014,80533,82266
23015,80534,82086
23016,80535,81968
23017,80536,81909
23018,80538,82090
23019,80540,82287
23020,80542,81380
23021,80543,82071
23022,80544,81791
23023,80546,81364
23024,80547,81690
23025,80548,81801
23026,80549,81742
23027,80550,82874
23028,80551,81682
23029,80553,81763
23030,80554,82010
23031,80555,81808
23032,80556,81683
23033,80557,82875
23034,80558,81811
23035,80560,81685
23036,80561,81813
23037,80562,82860
23038,80563,81525
23039,80564,81700
23040,80566,81580
23041,80569,81672
23042,80570,82619
23043,80573,82733
23044,80574,82521
23045,80575,81761
23046,80576,81586
23047,80578,81828
23048,80580,82138
23049,80581,82616
23050,80582,81079
23051,80583,81907
23052,80584,82823
23053,80585,81491
23054,80586,81744
23055,80587,82215
23056,80588,81659
23057,80590,81740
23058,80591,81835
23059,80592,81836
23060,80593,82776
23061,80594,81438
23062,80595,82275
23063,80596,81699
23064,80597,82276
23065,80598,82371
23066,80600,82013
23067,80604,82015
23068,80605,81536
23069,80606,82848
23070,80608,81917
23071,80609,81225
23072,80611,82054
23073,80612,81919
23074,80613,81613
23075,80614,81975
23076,80615,82861
23077,80616,81939
23078,80617,81904
23079,80618,81557
23080,80619,81900
23081,80620,82789
23082,80621,81328
23083,80622,81355
23084,80623,82001
23085,80624,82786
23086,80625,82004
23087,80626,82782
23088,80628,81867
23089,80629,82354
23090,80630,81868
23091,80631,81567
23092,80632,82184
23093,80633,81434
23094,80634,82195
23095,80635,82187
23096,80636,82197
23097,80638,81869
23098,80639,82191
23099,80641,81886
23100,80642,81812
23101,80643,81684
23102,80644,81559
23103,80645,82193
23104,80646,81870
23105,80647,81881
23106,80648,81509
23107,80649,81510
23108,80652,81895
23109,80653,82168
23110,80654,81887
23111,80655,82061
23112,80656,82663
23113,80660,81713
23114,80661,81399
23115,80662,82693
23116,80666,81899
23117,80667,81998
23118,80668,82265
23119,80670,82739
23120,80672,82849
23121,80673,81896
23122,80674,82962
23123,80675,82261
23124,80676,81910
23125,80677,81966
23126,80680,81924
23127,80681,82968
23128,80683,81616
23129,80684,82896
23130,80685,82808
23131,80686,82676
23132,80688,82330
23133,80689,82239
23134,80690,82552
23135,80691,81307
23136,80692,81930
23137,80693,81897
23138,80694,81932
23139,80695,81859
23140,80696,82172
23141,80698,82873
23142,80699,82700
23143,80700,82709
23144,80701,81938
23145,80702,81615
23146,80703,82692
23147,80704,82852
23148,80705,82199
23149,80706,81942
23150,80708,82798
23151,80710,82695
23152,80711,82260
23153,80714,82697
23154,80715,81280
23155,80716,81946
23156,80717,82885
23157,80719,82282
23158,80720,81337
23159,80721,81843
23160,80722,81955
23161,80724,82759
23162,80726,81866
23163,80727,82768
23164,80729,82651
23165,80730,81728
23166,80731,82050
23167,80732,82111
23168,80734,82671
23169,80735,82170
23170,80736,82057
23171,80737,82036
23172,80738,82152
23173,80739,81976
23174,80740,82069
23175,80741,82072
23176,80743,82123
23177,80745,82082
23178,80746,81980
23179,80747,81478
23180,80748,82640
23181,80749,82091
23182,80750,82156
23183,80751,82705
23184,80752,82301
23185,80753,81987
23186,80754,82290
23187,80755,81989
23188,80756,82591
23189,80757,82014
23190,80758,81991
23191,80760,82110
23192,80761,82947
23193,80762,82134
23194,80763,82249
23195,80764,81370
23196,80765,82005
23197,80766,81691
23198,80767,82000
23199,80768,82456
23200,80769,82142
23201,80770,81964
23202,80771,82751
23203,80772,81963
23204,80773,82108
23205,80774,82095
23206,80776,82285
23207,80777,82163
23208,80778,81091
23209,80779,81731
23210,80780,82293
23211,80781,81283
23212,80782,82820
23213,80783,82304
23214,80785,82026
23215,80786,82511
23216,80787,82028
23217,80788,82029
23218,80789,82146
23219,80790,82339
23220,80791,82997
23221,80792,82031
23222,80794,82194
23223,80795,81722
23224,80796,82342
23225,80797,82653
23226,80798,81986
23227,80799,82179
23228,80800,82039
23229,80801,82053
23230,80802,82180
23231,80803,81769
23232,80804,81990
23233,80806,82308
23234,80809,82862
23235,80810,82360
23236,80811,81118
23237,80812,81549
23238,80814,82105
23239,80817,81747
23240,80818,82281
23241,80820,81974
23242,80821,81442
23243,80822,82363
23244,80823,82980
23245,80824,81756
23246,80825,82065
23247,80826,82295
23248,80827,82067
23249,80828,82131
23250,80829,81978
23251,80830,82384
23252,80832,81983
23253,80833,82073
23254,80834,82554
23255,80835,82564
23256,80836,81959
23257,80837,82112
23258,80838,82744
23259,80840,82080
23260,80841,82018
23261,80843,81727
23262,80846,82522
23263,80847,82558
23264,80850,82429
23265,80851,82093
23266,80852,82606
23267,80854,82227
23268,80855,82035
23269,80856,82412
23270,80858,82099
23271,80859,82563
23272,80860,81774
23273,80862,82566
23274,80864,82107
23275,80865,81992
23276,80866,81993
23277,80868,82122
23278,80869,81994
23279,80873,82728
23280,80874,81503
23281,80876,82216
23282,80877,82124
23283,80878,81979
23284,80879,81891
23285,80880,81999
23286,80881,82096
23287,80882,83031
23288,80883,82127
23289,80884,81768
23290,80885,82481
23291,80889,82130
23292,80890,81829
23293,80891,82198
23294,80893,82002
23295,80895,81605
23296,80897,82117
23297,80898,82140
23298,80899,81972
23299,80900,82003
23300,80901,81834
23301,80902,82097
23302,80903,82514
23303,80904,82207
23304,80905,82752
23305,80906,82006
23306,80907,81527
23307,80908,82206
23308,80909,82008
23309,80910,82009
23310,80911,81923
23311,80912,81532
23312,80913,81754
23313,80914,82164
23314,80916,81538
23315,80917,82155
23316,80918,81982
23317,80919,81541
23318,80920,81653
23319,80921,82231
23320,80922,81655
23321,80924,82351
23322,80926,81786
23323,80927,82084
23324,80928,81012
23325,80929,81243
23326,80931,82208
23327,80932,82177
23328,80933,82041
23329,80937,82452
23330,80940,82173
23331,80941,82488
23332,80942,81746
23333,80943,82058
23334,80944,82314
23335,80945,81676
23336,80946,82490
23337,80947,82376
23338,80949,81675
23339,80950,82492
23340,80951,81413
23341,80952,82205
23342,80955,82405
23343,80956,82495
23344,80957,82196
23345,80959,82190
23346,80961,82534
23347,80962,82499
23348,80963,81825
23349,80965,81695
23350,80966,81941
23351,80967,82056
23352,80968,81953
23353,80969,81863
23354,80970,81658
23355,80971,82149
23356,80972,82505
23357,80973,82707
23358,80974,82102
23359,80975,82033
23360,80980,82264
23361,80981,82483
23362,80982,82415
23363,80983,82556
23364,80984,82462
23365,80986,82212
23366,80988,83019
23367,80991,82882
23368,80992,82460
23369,80995,81608
23370,80996,82255
23371,80997,82221
23372,80998,82539
23373,80999,82236
23374,81000,81915
23375,81001,82366
23376,81002,82475
23377,81005,82551
23378,81006,82385
23379,81007,82389
23380,81011,82356
23381,81013,81643
23382,81015,82403
23383,81016,82867
23384,81018,82803
23385,81022,81943
23386,81023,82426
23387,81024,81502
23388,81026,82435
23389,81027,82570
23390,81028,82268
23391,81030,82576
23392,81031,82254
23393,81033,82458
23394,81036,82806
23395,81037,82468
23396,81038,82479
23397,81039,82599
23398,81040,82283
23399,81041,82418
23400,81043,81412
23401,81044,82081
23402,81045,82344
23403,81046,82455
23404,81048,82413
23405,81049,81400
23406,81050,82508
23407,81051,82387
23408,81052,82362
23409,81053,81617
23410,81054,82703
23411,81055,82055
23412,81056,81421
23413,81057,82299
23414,81058,82930
23415,81059,82092
23416,81061,81582
23417,81064,82466
23418,81065,82431
23419,81066,82417
23420,81067,82338
23421,81068,82419
23422,81069,82498
23423,81071,82201
23424,81072,82434
23425,81073,82361
23426,81074,82822
23427,81075,82444
23428,81076,82639
23429,81077,82445
23430,81078,81404
23431,81080,82448
23432,81081,82536
23433,81082,82274
23434,81083,81824
23435,81084,82457
23436,81085,81661
23437,81086,82312
23438,81087,82321
23439,81088,82158
23440,81089,82766
23441,81090,82470
23442,81092,82474
23443,81093,82238
23444,81095,82477
23445,81096,82478
23446,81097,81630
23447,81099,81522
23448,81100,82486
23449,81101,82217
23450,81102,82335
23451,81103,82336
23452,81104,82309
23453,81109,81564
23454,81111,82473
23455,81112,82318
23456,81113,81735
23457,81114,81663
23458,81116,82500
23459,81117,82667
23460,81120,82296
23461,81121,82288
23462,81123,82670
23463,81124,82807
23464,81126,81973
23465,81127,82369
23466,81128,81751
23467,81129,81733
23468,81131,82681
23469,81132,82235
23470,81133,82062
23471,81134,82377
23472,81135,82237
23473,81136,81579
23474,81137,81770
23475,81138,81560
23476,81139,82220
23477,81140,82144
23478,81141,82070
23479,81142,82817
23480,81143,82240
23481,81144,82252
23482,81145,82242
23483,81146,81674
23484,81147,82382
23485,81148,81555
23486,81149,82273
23487,81150,82396
23488,81151,82397
23489,81152,81745
23490,81153,82784
23491,81154,82879
23492,81157,82251
23493,81158,82647
23494,81160,81797
23495,81161,82406
23496,81162,81984
23497,81164,82302
23498,81165,82562
23499,81166,82258
23500,81167,82507
23501,81168,82531
23502,81170,82306
23503,81171,82037
23504,81172,81785
23505,81174,82819
23506,81175,81492
23507,81176,82310
23508,81177,82421
23509,81178,82794
23510,81179,82423
23511,81181,81787
23512,81182,82200
23513,81184,81686
23514,81186,82727
23515,81188,81996
23516,81190,82147
23517,81192,82154
23518,81193,82441
23519,81194,82843
23520,81196,82267
23521,81198,82316
23522,81200,81931
23523,81201,82450
23524,81203,82407
23525,81208,82185
23526,81209,82506
23527,81210,82754
23528,81211,82319
23529,81212,82320
23530,81213,81618
23531,81214,82440
23532,81215,82409
23533,81217,81957
23534,81218,82322
23535,81219,82289
23536,81222,82159
23537,81223,82241
23538,81226,82324
23539,81227,82284
23540,81228,82471
23541,81229,83081
23542,81230,82327
23543,81231,82548
23544,81232,82580
23545,81233,82337
23546,81234,82019
23547,81238,82326
23548,81239,82331
23549,81241,82520
23550,81242,82211
23551,81244,82210
23552,81245,81908
23553,81247,82620
23554,81248,81588
23555,81249,82836
23556,81250,82333
23557,81251,82485
23558,81252,82484
23559,81254,82047
23560,81255,82454
23561,81256,82064
23562,81257,81669
23563,81258,82688
23564,81260,82493
23565,81261,82349
23566,81263,82672
23567,81265,82044
23568,81266,82300
23569,81267,82821
23570,81268,82352
23571,81269,82494
23572,81270,82741
23573,81271,82504
23574,81273,82567
23575,81274,82433
23576,81275,82512
23577,81276,82016
23578,81278,82685
23579,81279,82115
23580,81281,82812
23581,81284,82802
23582,81285,81848
23583,81286,82533
23584,81287,82192
23585,81288,82588
23586,81289,82960
23587,81290,82129
23588,81292,81903
23589,81294,82230
23590,81295,82378
23591,81297,81918
23592,81302,82888
23593,81303,82051
23594,81304,82597
23595,81308,82078
23596,81310,81929
23597,81313,82375
23598,81314,82994
23599,81315,82075
23600,81316,82088
23601,81318,82788
23602,81319,82612
23603,81321,83010
23604,81322,81638
23605,81323,82100
23606,81325,82181
23607,81326,82777
23608,81329,82871
23609,81330,82126
23610,81332,81830
23611,81335,81833
23612,81336,82573
23613,81338,82575
23614,81339,82884
23615,81340,82150
23616,81341,82631
23617,81342,82182
23618,81344,81958
23619,81345,81624
23620,81346,82160
23621,81347,82828
23622,81348,81967
23623,81349,82668
23624,81350,81732
23625,81351,82774
23626,81352,82621
23627,81353,82775
23628,81354,82690
23629,81356,82596
23630,81357,82046
23631,81359,82247
23632,81360,82689
23633,81361,82654
23634,81363,81997
23635,81366,82611
23636,81367,82715
23637,81368,82590
23638,81369,82792
23639,81372,82729
23640,81373,82748
23641,81374,82618
23642,81375,82731
23643,81376,82605
23644,81377,82313
23645,81378,82623
23646,81381,82797
23647,81383,82136
23648,81384,82753
23649,81385,82755
23650,81386,82756
23651,81388,82012
23652,81389,82762
23653,81390,82632
23654,81391,82633
23655,81392,82764
23656,81393,82592
23657,81395,82710
23658,81396,82773
23659,81397,82358
23660,81398,82383
23661,81401,82648
23662,81402,82778
23663,81405,82424
23664,81406,82420
23665,81407,82799
23666,81408,82724
23667,81409,82746
23668,81410,82649
23669,81415,82587
23670,81417,82223
23671,81418,82325
23672,81419,82589
23673,81420,82657
23674,81422,82391
23675,81423,82661
23676,81424,82840
23677,81425,82048
23678,81427,82769
23679,81428,82328
23680,81430,82329
23681,81431,82559
23682,81433,82469
23683,81436,82714
23684,81439,82859
23685,81440,82634
23686,81443,82059
23687,81444,82732
23688,81449,81758
23689,81451,82686
23690,81452,82687
23691,81454,82637
23692,81455,82386
23693,81456,82625
23694,81457,82598
23695,81458,82691
23696,81461,82392
23697,81463,82771
23698,81466,82601
23699,81467,82232
23700,81470,82993
23701,81471,82257
23702,81472,82872
23703,81475,82837
23704,81476,82702
23705,81479,81662
23706,81482,82712
23707,81484,82791
23708,81486,82560
23709,81493,82721
23710,81494,82723
23711,81495,82332
23712,81496,82643
23713,81497,82726
23714,81498,82022
23715,81501,82818
23716,81505,82613
23717,81506,82617
23718,81507,82878
23719,81508,82734
23720,81514,82738
23721,81518,82271
23722,81521,81948
23723,81526,82825
23724,81528,82804
23725,81529,82629
23726,81530,82630
23727,81535,82157
23728,81537,82761
23729,81539,82847
23730,81540,82763
23731,81545,82584
23732,81547,82638
23733,81552,82609
23734,81553,82636
23735,81556,82870
23736,81561,82869
23737,81562,82824
23738,81563,82800
23739,81568,81962
23740,81569,83075
23741,81574,82813
23742,81577,82811
23743,81578,83060
23744,81583,82250
23745,81585,82713
23746,81590,82646
23747,81591,82465
23748,81594,82677
23749,81595,82983
23750,81597,83061
23751,81599,82524
23752,81600,83011
23753,81601,82120
23754,81602,82263
23755,81619,82224
23756,81625,82244
23757,81631,83065
23758,81632,82696
23759,81635,83003
23760,81644,83203
23761,81646,82795
23762,81650,82579
23763,81652,82767
23764,81665,82496
23765,81666,82674
23766,81667,82974
23767,81670,82042
23768,81679,82708
23769,81680,82610
23770,81687,81822
23771,81689,82742
23772,81692,82510
23773,81693,81827
23774,81696,82432
23775,81697,82497
23776,81703,82607
23777,81708,82958
23778,81710,83015
23779,81711,83018
23780,81712,82793
23781,81714,82970
23782,81715,82950
23783,81720,82219
23784,81721,82532
23785,81725,82922
23786,81729,82961
23787,81737,82357
23788,81748,82624
23789,81752,82675
23790,81753,82188
23791,81773,82865
23792,81793,82815
23793,81794,82608
23794,81800,82969
23795,81804,82716
23796,81810,82934
23797,81814,82935
23798,81819,82528
23799,81823,83073
23800,81831,82298
23801,81837,82678
23802,81840,83039
23803,81844,82846
23804,81845,82826
23805,81850,82487
23806,81852,82949
23807,81854,82851
23808,81862,82449
23809,81871,82816
23810,81877,82517
23811,81885,82489
23812,81889,82359
23813,81894,82887
23814,81898,82669
23815,81905,83103
23816,81916,82443
23817,81920,82547
23818,81921,82476
23819,81926,82810
23820,81927,82555
23821,81928,82538
23822,81950,82801
23823,81954,82982
23824,81956,83042
23825,81969,82622
23826,81981,82814
23827,81985,82839
23828,81995,82615
23829,82017,82655
23830,82020,82722
23831,82021,82725
23832,82024,82760
23833,82025,82770
23834,82038,82635
23835,82068,82645
23836,82098,82411
23837,82103,82876
23838,82104,82719
23839,82109,82641
23840,82113,82642
23841,82114,82957
23842,82116,82735
23843,82119,82658
23844,82128,82736
23845,82139,82745
23846,82165,82972
23847,82171,82863
23848,82174,82886
23849,82189,82858
23850,82209,82856
23851,82218,82955
23852,82248,82783
23853,82278,82509
23854,82280,82743
23855,82334,82998
23856,82395,82530
23857,80998,82829
23858,81182,82830
23859,80942,82831
23860,81126,82832
23861,82552,82833
23862,80325,82834
23863,80922,82835
23864,81162,82838
23865,80727,82845
23866,79340,82892
23867,81140,82902
23868,80189,82903
23869,80603,82920
23870,81822,82938
23871,79261,82940
23872,80970,82945
23873,81411,82954
23874,81877,82977
23875,82187,82978
23876,80749,82986
23877,82691,82987
23878,81465,82991
23879,81187,83025
23880,81444,83026
23881,81288,83030
23882,82005,83036
23883,81219,83046
23884,82686,83057
23885,82607,83069
23886,81098,83071
23887,82731,83091
23888,82881,83092
23889,81698,83094
23890,82576,83095
23891,82634,83098
23892,81673,83099
23893,80736,83112
23894,81662,83114
23895,81190,83119
23896,82947,83123
23897,80737,83132
23898,82972,83139
23899,80683,83180
23900,80626,83226
23901,82469,83229
23902,80841,83231
23903,83310,83899
23904,83364,83972
23905,83383,84466
23906,83510,85918
23907,83516,84042
23908,83576,84493
23909,83650,84186
23910,83662,84205
23911,83678,84902
23912,83682,83891
23913,83684,84075
23914,83688,84224
23915,83716,84345
23916,83725,84271
23917,83739,84463
23918,83757,84405
23919,83772,86577
23920,83773,86166
23921,83780,84659
23922,83787,85006
23923,83816,86570
23924,83820,87221
23925,83827,83957
23926,83828,86907
23927,83852,84397
23928,83865,87314
23929,83866,84440
23930,83868,87290
23931,83871,87299
23932,83872,87300
23933,83875,84615
23934,83880,86006
23935,83890,87280
23936,83897,86360
23937,83900,85924
23938,83910,86373
23939,83913,86694
23940,83914,86378
23941,83915,84588
23942,83920,86019
23943,83921,86427
23944,83925,87348
23945,83929,86571
23946,83931,84359
23947,83938,87267
23948,83939,85261
23949,83940,84261
23950,83945,87444
23951,83947,86580
23952,83953,86446
23953,83954,85165
23954,83964,87077
23955,83971,87081
23956,83980,86288
23957,83981,87438
23958,83993,84392
23959,84001,86544
23960,84005,86484
23961,84014,86170
23962,84019,86521
23963,84020,87421
23964,84035,86520
23965,84038,86523
23966,84043,86209
23967,84045,86527
23968,84047,84899
23969,84049,86529
23970,84090,84451
23971,84096,87337
23972,84111,86205
23973,84120,86652
23974,84123,85967
23975,84127,87668
23976,84132,86010
23977,84133,86234
23978,84155,84692
23979,84212,84674
23980,84221,87356
23981,84247,87491
23982,84254,87601
23983,84279,87263
23984,84292,85250
23985,84305,84399
23986,84318,87414
23987,84332,85970
23988,84409,86935
23989,84430,86014
23990,84460,86941
23991,84498,85951
23992,84518,85941
23993,84531,87179
23994,84597,87621
23995,84607,86919
23996,84647,85929
23997,84648,87639
23998,84677,87677
23999,84681,87658
24000,84691,87706
24001,84713,87649
24002,84756,87569
24003,84764,87559
24004,84767,85671
24005,84768,87183
24006,84774,87369
24007,84777,87659
24008,84781,86553
24009,84785,86208
24010,84789,87670
24011,84791,86751
24012,84800,87576
24013,84802,87683
24014,84804,87580
24015,84832,87575
24016,84833,87582
24017,84844,87585
24018,84846,85589
24019,84850,87573
24020,84851,85709
24021,84852,87577
24022,84854,87578
24023,84857,87714
24024,84859,86875
24025,84861,87626
24026,84864,86156
24027,84866,86069
24028,84873,85690
24029,84876,87701
24030,84877,87262
24031,84879,87564
24032,84880,85117
24033,84887,86165
24034,84890,87473
24035,84893,86095
24036,84895,86171
24037,84897,87711
24038,84898,85684
24039,84903,86530
24040,84909,87708
24041,84911,86176
24042,84912,85657
24043,84913,87458
24044,84914,87696
24045,84917,87553
24046,84919,86998
24047,84920,86662
24048,84923,85849
24049,84924,87055
24050,84926,87047
24051,84927,87107
24052,84928,87566
24053,84930,86623
24054,84931,87224
24055,84934,85676
24056,84935,87669
24057,84937,86753
24058,84938,87481
24059,84941,87554
24060,84943,86445
24061,84945,87579
24062,84946,85936
24063,84948,87110
24064,84951,87460
24065,84959,86204
24066,84960,87194
24067,84965,85844
24068,84968,87655
24069,84969,87648
24070,84970,87703
24071,84971,86562
24072,84972,86358
24073,84974,86184
24074,84976,86582
24075,84977,86135
24076,84979,85851
24077,84981,85611
24078,84982,85743
24079,84984,85424
24080,84985,85617
24081,84986,86949
24082,84988,86950
24083,84989,86230
24084,84990,86197
24085,84993,87740
24086,84996,86870
24087,84997,86952
24088,84999,86974
24089,85001,87653
24090,85002,87665
24091,85003,86359
24092,85004,87141
24093,85007,87651
24094,85009,86203
24095,85010,86778
24096,85011,85643
24097,85012,87089
24098,85013,87680
24099,85014,86954
24100,85015,87694
24101,85017,87236
24102,85018,87406
24103,85019,87698
24104,85020,86696
24105,85021,86990
24106,85024,86457
24107,85026,86854
24108,85028,86475
24109,85031,87723
24110,85033,86355
24111,85034,86281
24112,85035,86282
24113,85036,86161
24114,85038,85808
24115,85039,87563
24116,85040,86489
24117,85041,86466
24118,85042,86362
24119,85046,86609
24120,85047,86698
24121,85048,86292
24122,85049,86375
24123,85050,86055
24124,85051,86429
24125,85052,87349
24126,85053,86394
24127,85054,86398
24128,85055,86956
24129,85056,85620
24130,85057,87270
24131,85058,87402
24132,85059,86421
24133,85060,86422
24134,85061,86829
24135,85062,86092
24136,85063,86424
24137,85064,87274
24138,85065,87379
24139,85066,86439
24140,85067,86441
24141,85068,86323
24142,85069,86387
24143,85070,86455
24144,85071,87407
24145,85072,85821
24146,85074,86824
24147,85075,86332
24148,85076,87619
24149,85078,86471
24150,85079,86472
24151,85080,86338
24152,85081,86483
24153,85082,86931
24154,85083,86041
24155,85084,86254
24156,85085,86779
24157,85086,86547
24158,85087,86411
24159,85088,86987
24160,85089,86448
24161,85090,87139
24162,85091,87547
24163,85092,86473
24164,85093,86504
24165,85094,87188
24166,85095,86353
24167,85096,86354
24168,85097,86365
24169,85098,86835
24170,85099,85665
24171,85100,86809
24172,85101,85923
24173,85102,87216
24174,85103,86674
24175,85104,86510
24176,85105,86056
24177,85106,86943
24178,85107,87490
24179,85109,86836
24180,85110,85739
24181,85111,86983
24182,85112,87207
24183,85113,87517
24184,85114,86690
24185,85115,86514
24186,85116,86293
24187,85119,86377
24188,85120,86379
24189,85122,87467
24190,85123,86381
24191,85125,86294
24192,85127,86704
24193,85130,86302
24194,85132,87031
24195,85133,86271
24196,85135,86453
24197,85136,86712
24198,85137,87455
24199,85138,86396
24200,85139,86608
24201,85140,86746
24202,85141,86327
24203,85143,87567
24204,85144,87510
24205,85145,87380
24206,85146,86402
24207,85147,87531
24208,85149,87230
24209,85150,87100
24210,85151,87201
24211,85152,86813
24212,85158,87532
24213,85159,87533
24214,85160,87368
24215,85161,87524
24216,85162,85885
24217,85163,86309
24218,85164,85991
24219,85166,85983
24220,85167,86129
24221,85168,87656
24222,85169,86312
24223,85170,86543
24224,85171,86968
24225,85172,86624
24226,85173,86769
24227,85174,87448
24228,85175,86428
24229,85176,85833
24230,85177,85964
24231,85178,87523
24232,85180,87076
24233,85181,87383
24234,85182,87384
24235,85183,86438
24236,85184,86316
24237,85186,86319
24238,85187,86512
24239,85188,86322
24240,85190,86965
24241,85191,87288
24242,85192,86531
24243,85193,86318
24244,85195,86451
24245,85196,86969
24246,85197,87390
24247,85198,86299
24248,85199,86356
24249,85201,85515
24250,85202,85698
24251,85203,86320
24252,85204,86130
24253,85205,86480
24254,85206,87109
24255,85207,86334
24256,85208,86331
24257,85209,86272
24258,85210,87443
24259,85213,86481
24260,85214,86308
24261,85215,86930
24262,85216,86185
24263,85217,86658
24264,85218,87247
24265,85219,86660
24266,85220,86614
24267,85221,87433
24268,85222,87229
24269,85225,86700
24270,85226,85911
24271,85227,86702
24272,85229,86816
24273,85230,87054
24274,85232,86554
24275,85233,87449
24276,85234,85952
24277,85235,87381
24278,85236,86317
24279,85237,86770
24280,85238,86326
24281,85239,87447
24282,85240,87098
24283,85241,86724
24284,85242,86519
24285,85244,86507
24286,85245,86661
24287,85246,86827
24288,85247,86157
24289,85248,86443
24290,85249,86384
24291,85251,86370
24292,85252,86831
24293,85253,86843
24294,85255,86833
24295,85256,87213
24296,85258,86042
24297,85259,86838
24298,85260,86408
24299,85262,86670
24300,85263,86505
24301,85264,85405
24302,85265,86348
24303,85266,86846
24304,85268,86532
24305,85269,85999
24306,85270,86458
24307,85271,86620
24308,85273,86467
24309,85274,86535
24310,85275,85901
24311,85277,86635
24312,85278,86541
24313,85280,86876
24314,85282,86392
24315,85284,86619
24316,85289,87690
24317,85290,86559
24318,85292,86647
24319,85293,87171
24320,85294,86476
24321,85296,86339
24322,85297,87459
24323,85298,87631
24324,85299,86564
24325,85300,87310
24326,85302,87317
24327,85305,87436
24328,85306,86444
24329,85307,86194
24330,85308,86600
24331,85309,85752
24332,85313,86469
24333,85314,87354
24334,85315,86898
24335,85316,87327
24336,85317,86932
24337,85318,87041
24338,85319,86406
24339,85321,87361
24340,85322,86643
24341,85324,85774
24342,85327,87378
24343,85328,87367
24344,85331,87535
24345,85333,86584
24346,85334,85598
24347,85335,87772
24348,85336,86259
24349,85337,87297
24350,85339,87485
24351,85340,86110
24352,85341,85813
24353,85342,87237
24354,85343,85933
24355,85345,86924
24356,85346,86126
24357,85348,87253
24358,85349,86714
24359,85350,86750
24360,85351,86601
24361,85354,86805
24362,85355,86686
24363,85356,86823
24364,85357,86605
24365,85358,86939
24366,85360,86565
24367,85361,86287
24368,85362,86730
24369,85363,86691
24370,85364,86692
24371,85365,86960
24372,85367,87339
24373,85368,86683
24374,85369,85960
24375,85370,86710
24376,85371,86774
24377,85372,86522
24378,85373,86576
24379,85374,85788
24380,85376,86303
24381,85377,87472
24382,85378,86958
24383,85379,86633
24384,85380,86804
24385,85381,86762
24386,85382,86764
24387,85384,86732
24388,85385,87086
24389,85386,87616
24390,85387,86290
24391,85388,86772
24392,85389,87408
24393,85391,86791
24394,85392,85668
24395,85393,86648
24396,85394,86649
24397,85395,86656
24398,85396,86636
24399,85398,87128
24400,85399,87114
24401,85400,86845
24402,85402,86677
24403,85403,87045
24404,85404,86680
24405,85406,86478
24406,85408,86890
24407,85409,87004
24408,85410,86416
24409,85411,86583
24410,85412,86108
24411,85413,86839
24412,85414,86689
24413,85416,86828
24414,85417,85741
24415,85418,87013
24416,85419,87029
24417,85420,86567
24418,85421,86650
24419,85422,86657
24420,85423,86832
24421,85425,86240
24422,85428,86688
24423,85429,86241
24424,85430,86517
24425,85431,85751
24426,85432,86918
24427,85433,87214
24428,85434,86651
24429,85435,86518
24430,85437,87457
24431,85438,86393
24432,85439,86621
24433,85440,87036
24434,85441,86715
24435,85442,86716
24436,85443,87218
24437,85444,86227
24438,85445,87185
24439,85446,86485
24440,85447,86346
24441,85448,87227
24442,85450,86401
24443,85451,86301
24444,85452,86726
24445,85453,86074
24446,85454,86727
24447,85455,87065
24448,85456,86841
24449,85457,86627
24450,85458,86248
24451,85459,86412
24452,85461,86426
24453,85465,86390
24454,85466,87189
24455,85467,87226
24456,85468,86252
24457,85469,87501
24458,85470,86957
24459,85471,86307
24460,85472,86817
24461,85473,86999
24462,85474,86747
24463,85476,87021
24464,85477,86632
24465,85478,86752
24466,85479,86622
24467,85482,87009
24468,85483,87657
24469,85484,87382
24470,85486,86894
24471,85487,86315
24472,85488,86761
24473,85489,86637
24474,85492,86766
24475,85493,86711
24476,85494,86768
24477,85496,87082
24478,85497,85948
24479,85498,86849
24480,85500,86794
24481,85501,86589
24482,85502,86646
24483,85503,86673
24484,85504,86641
24485,85505,86775
24486,85506,87238
24487,85507,86776
24488,85508,86871
24489,85511,86781
24490,85512,86286
24491,85513,86782
24492,85514,87405
24493,85516,86083
24494,85517,86615
24495,85520,86925
24496,85521,87410
24497,85523,86723
24498,85524,86889
24499,85525,86613
24500,85526,86626
24501,85527,86792
24502,85528,86793
24503,85529,87415
24504,85530,86214
24505,85531,86795
24506,85532,86138
24507,85533,86853
24508,85534,87420
24509,85535,86245
24510,85536,87495
24511,85537,87550
24512,85538,85812
24513,85540,86820
24514,85541,86150
24515,85542,86933
24516,85543,86678
24517,85544,86220
24518,85547,86818
24519,85548,86810
24520,85549,86638
24521,85550,86350
24522,85551,86684
24523,85552,87271
24524,85553,86826
24525,85554,86366
24526,85555,86664
24527,85556,86219
24528,85557,87206
24529,85561,87152
24530,85562,87153
24531,85563,86050
24532,85565,86298
24533,85566,86837
24534,85567,87155
24535,85568,86713
24536,85569,86840
24537,85570,86403
24538,85572,86729
24539,85573,87452
24540,85574,87154
24541,85575,87161
24542,85579,85892
24543,85580,86844
24544,85582,86456
24545,85583,87699
24546,85585,86790
24547,85586,86851
24548,85587,86797
24549,85588,86276
24550,85590,86807
24551,85591,87625
24552,85592,87340
24553,85593,86881
24554,85594,86803
24555,85596,87057
24556,85597,86868
24557,85599,86257
24558,85601,86557
24559,85603,86493
24560,85604,86701
24561,85605,87512
24562,85607,87094
24563,85608,87243
24564,85609,87204
24565,85610,86367
24566,85614,87209
24567,85615,87561
24568,85616,86190
24569,85618,86193
24570,85619,87050
24571,85621,87132
24572,85622,86405
24573,85623,86860
24574,85626,86681
24575,85627,86618
24576,85628,87051
24577,85629,86705
24578,85630,87868
24579,85632,87058
24580,85633,87069
24581,85634,87070
24582,85635,87135
24583,85638,87215
24584,85639,86856
24585,85641,86821
24586,85642,86261
24587,85646,87037
24588,85647,86123
24589,85648,86703
24590,85650,87219
24591,85651,87413
24592,85652,86996
24593,85653,86597
24594,85654,86927
24595,85655,87173
24596,85656,87374
24597,85658,86806
24598,85659,87552
24599,85660,86937
24600,85662,87147
24601,85664,87134
24602,85666,86725
24603,85667,87026
24604,85669,86122
24605,85670,87106
24606,85672,87039
24607,85673,86072
24608,85674,86735
24609,85675,87269
24610,85677,87475
24611,85678,87018
24612,85679,87162
24613,85680,87391
24614,85682,86914
24615,85683,86938
24616,85685,87166
24617,85687,86771
24618,85688,87085
24619,85689,87034
24620,85691,87087
24621,85693,86777
24622,85695,87093
24623,85696,87138
24624,85697,87101
24625,85700,86953
24626,85701,86976
24627,85702,87112
24628,85704,87016
24629,85705,87095
24630,85706,87172
24631,85707,86536
24632,85710,87430
24633,85711,86341
24634,85712,87187
24635,85713,86342
24636,85714,86347
24637,85715,86345
24638,85716,86989
24639,85717,86201
24640,85718,87143
24641,85720,86676
24642,85721,86995
24643,85722,87090
24644,85724,87127
24645,85725,86997
24646,85726,87627
24647,85728,87628
24648,85729,87256
24649,85730,86895
24650,85732,86880
24651,85733,86595
24652,85734,87377
24653,85735,86975
24654,85738,87149
24655,85740,87654
24656,85742,86886
24657,85744,86695
24658,85745,87466
24659,85748,87468
24660,85750,86719
24661,85753,87342
24662,85754,87130
24663,85756,86199
24664,85757,86391
24665,85758,87422
24666,85759,86951
24667,85760,87035
24668,85761,86897
24669,85762,86944
24670,85763,86963
24671,85764,87464
24672,85765,86869
24673,85766,86916
24674,85767,87042
24675,85768,87043
24676,85769,86229
24677,85771,87266
24678,85772,86920
24679,85775,86756
24680,85776,86902
24681,85778,87060
24682,85779,86744
24683,85780,86945
24684,85781,86961
24685,85782,86629
24686,85783,87062
24687,85784,86972
24688,85785,86888
24689,85786,86906
24690,85789,87366
24691,85790,87479
24692,85792,86642
24693,85793,87482
24694,85794,86436
24695,85795,86437
24696,85796,86760
24697,85797,86915
24698,85798,87072
24699,85799,87324
24700,85800,87234
24701,85801,86707
24702,85802,86822
24703,85803,87393
24704,85804,86321
24705,85805,86616
24706,85806,86966
24707,85807,86962
24708,85809,86558
24709,85811,86596
24710,85815,86970
24711,85816,86971
24712,85817,86210
24713,85824,86892
24714,85825,87104
24715,85827,87159
24716,85829,86878
24717,85831,87170
24718,85832,87113
24719,85834,87163
24720,85835,86977
24721,85836,87713
24722,85837,86926
24723,85838,87241
24724,85839,86929
24725,85847,86982
24726,85848,86857
24727,85850,87394
24728,85852,86934
24729,85853,86542
24730,85854,87175
24731,85855,86501
24732,85856,86132
24733,85857,86498
24734,85858,86490
24735,85860,86912
24736,85861,86020
24737,85862,86959
24738,85863,86057
24739,85864,86909
24740,85865,86905
24741,85866,87120
24742,85867,87144
24743,85868,87145
24744,85869,87477
24745,85870,87067
24746,85871,86679
24747,85873,87315
24748,85875,87332
24749,85877,87486
24750,85879,87174
24751,85880,87351
24752,85881,86494
24753,85882,86734
24754,85883,86981
24755,85884,87363
24756,85886,87301
24757,85887,87502
24758,85888,87169
24759,85890,86528
24760,85891,87146
24761,85893,87012
24762,85894,86442
24763,85895,86872
24764,85897,86789
24765,85898,87105
24766,85899,87111
24767,85900,87115
24768,85902,87480
24769,85904,87196
24770,85907,86183
24771,85908,87521
24772,85909,87137
24773,85910,86717
24774,85913,87526
24775,85914,86213
24776,85916,87198
24777,85917,87389
24778,85920,87432
24779,85921,87249
24780,85922,87513
24781,85925,87632
24782,85927,87190
24783,85928,87325
24784,85934,87353
24785,85935,87423
24786,85937,86216
24787,85938,86864
24788,85940,86955
24789,85942,87528
24790,85943,86737
24791,85944,86414
24792,85945,86740
24793,85947,86718
24794,85949,87474
24795,85953,86720
24796,85955,86757
24797,85956,86586
24798,85957,86574
24799,85958,87548
24800,85959,86459
24801,85962,86852
24802,85963,87283
24803,85965,87208
24804,85968,87431
24805,85969,87217
24806,85971,87426
24807,85972,87427
24808,85973,86606
24809,85975,87203
24810,85976,87277
24811,85978,86611
24812,85979,87328
24813,85981,87260
24814,85984,87371
24815,85985,87551
24816,85986,87450
24817,85987,87362
24818,85988,87434
24819,85990,86741
24820,85993,86526
24821,85994,87275
24822,85995,87483
24823,85996,87386
24824,85997,87370
24825,85998,86671
24826,86000,87281
24827,86001,87396
24828,86002,87453
24829,86005,87403
24830,86007,87278
24831,86008,87397
24832,86011,87419
24833,86012,87456
24834,86013,86978
24835,86015,86798
24836,86016,87424
24837,86017,86663
24838,86018,87080
24839,86021,86668
24840,86022,87156
24841,86023,86669
24842,86024,86665
24843,86025,87125
24844,86026,87461
24845,86027,87412
24846,86028,87309
24847,86029,87401
24848,86030,87350
24849,86032,87445
24850,86034,87000
24851,86037,87255
24852,86038,87385
24853,86039,87186
24854,86043,87019
24855,86044,87259
24856,86045,87465
24857,86046,87329
24858,86047,87180
24859,86051,86910
24860,86052,86699
24861,86053,87211
24862,86058,87437
24863,86059,87375
24864,86060,86708
24865,86061,87264
24866,86063,87014
24867,86064,87306
24868,86065,86896
24869,86066,87428
24870,86067,87318
24871,86076,87527
24872,86077,86731
24873,86078,87307
24874,86080,87388
24875,86081,86899
24876,86082,87695
24877,86085,87191
24878,86086,86419
24879,86087,86985
24880,86088,87272
24881,86090,87372
24882,86091,87091
24883,86096,87478
24884,86097,87333
24885,86098,86908
24886,86099,86508
24887,86101,86988
24888,86102,86848
24889,86103,87279
24890,86104,86992
24891,86105,87046
24892,86107,87136
24893,86111,87536
24894,86112,87304
24895,86113,87282
24896,86114,86967
24897,86116,86773
24898,86117,87305
24899,86118,87400
24900,86119,87118
24901,86121,87404
24902,86125,87700
24903,86131,87289
24904,86133,87291
24905,86136,86830
24906,86137,87240
24907,86139,87292
24908,86140,86759
24909,86143,86799
24910,86145,86861
24911,86147,86874
24912,86148,87250
24913,86149,86603
24914,86151,86659
24915,86153,87323
24916,86155,86812
24917,86158,86986
24918,86159,86984
24919,86160,86980
24920,86162,87346
24921,86163,86814
24922,86164,86815
24923,86168,87200
24924,86169,86811
24925,86172,87151
24926,86175,87286
24927,86177,87295
24928,86178,87416
24929,86179,87462
24930,86180,87489
24931,86181,86877
24932,86182,87515
24933,86186,86991
24934,86189,87199
24935,86195,87470
24936,86198,87471
24937,86200,87735
24938,86202,87376
24939,86212,87440
24940,86215,87418
24941,86217,86917
24942,86218,87248
24943,86221,87178
24944,86222,86885
24945,86225,87184
24946,86233,87451
24947,86235,87287
24948,86236,87265
24949,86237,87254
24950,86242,86834
24951,86244,87131
24952,86253,87276
24953,86255,87538
24954,86266,87092
24955,86267,87157
24956,86268,87540
24957,86273,87293
24958,86274,87117
24959,86275,87129
24960,86278,87442
24961,86284,86859
24962,86289,87150
24963,86295,87640
24964,86296,87022
24965,86297,87341
24966,86300,86911
24967,86305,86755
24968,86306,86863
24969,86310,87373
24970,86314,87193
24971,86325,87097
24972,86328,87399
24973,86329,86901
24974,86330,87497
24975,86333,87108
24976,86335,86722
24977,86336,87294
24978,86337,87425
24979,86340,87335
24980,86343,87637
24981,86344,87681
24982,86349,87678
24983,86351,86654
24984,86352,87725
24985,86361,87316
24986,86363,87591
24987,86364,87710
24988,86368,87257
24989,86369,86887
24990,86371,87358
24991,86374,87623
24992,86380,87336
24993,86382,87210
24994,86383,87261
24995,86385,87167
24996,86389,86948
24997,86395,87612
24998,86399,87202
24999,86404,86973
25000,86407,87223
25001,86409,87084
25002,86420,86745
25003,86423,87476
25004,86425,87671
25005,86430,87235
25006,86432,87609
25007,86433,87244
25008,86440,87610
25009,86447,86940
25010,86449,87088
25011,86450,87273
25012,86464,87543
25013,86465,87674
25014,86470,87712
25015,86474,86855
25016,86477,87534
25017,86482,87246
25018,86487,87624
25019,86491,87334
25020,86499,86900
25021,86502,87574
25022,86503,87411
25023,86506,87176
25024,86509,87319
25025,86513,87636
25026,86515,87331
25027,86525,86630
25028,86533,87160
25029,86534,87168
25030,86539,87343
25031,86548,87647
25032,86550,87446
25033,86551,87730
25034,86552,87718
25035,86556,87774
25036,86560,87122
25037,86568,87738
25038,86569,87344
25039,86572,87525
25040,86573,87359
25041,86575,87365
25042,86578,87225
25043,86579,87364
25044,86588,87487
25045,86594,87544
25046,86599,87417
25047,86602,87731
25048,86612,87322
25049,86628,87284
25050,86634,87231
25051,86639,87395
25052,86640,87398
25053,86655,87750
25054,86666,87326
25055,86667,87352
25056,86672,87387
25057,86675,87330
25058,86693,87296
25059,86706,87123
25060,86738,87530
25061,86758,87539
25062,86763,87302
25063,86765,87679
25064,86767,87303
25065,86788,87545
25066,86796,87620
25067,86802,87308
25068,86808,87298
25069,86867,87663
25070,86879,87630
25071,86964,87392
25072,86979,87549
25073,87020,87724
25074,87142,87691
25075,87148,87463
25076,87177,87768
25077,87205,87816
25078,87285,87488
25079,86940,87492
25080,86184,87493
25081,85572,87494
25082,85313,87498
25083,86716,87499
25084,84518,87500
25085,87273,87505
25086,85821,87507
25087,84979,87509
25088,85853,87511
25089,87541,87788
25090,86661,87556
25091,85413,87557
25092,87149,87558
25093,87167,87562
25094,85014,87570
25095,87301,87572
25096,85579,87584
25097,85658,87587
25098,86342,87592
25099,86679,87594
25100,85314,87602
25101,86132,87615
25102,85299,87629
25103,86136,87634
25104,86088,87667
25105,87396,87689
25106,86657,87719
25107,86658,87720
25108,87432,87722
25109,86017,87726
25110,86190,87729
25111,86163,87733
25112,85503,87744
25113,84430,87747
25114,85004,87749
25115,85593,87752
25116,87221,87758
25117,87381,87762
25118,86407,87770
25119,85709,87778
25120,85849,87779
25121,84247,87783
25122,86632,87801
25123,86911,87824
25124,87690,87831
25125,85102,87854
25126,86579,87893
25127,85028,87901
25128,87987,89187
25129,88006,88358
25130,88056,89122
25131,88103,89222
25132,88145,88851
25133,88167,88767
25134,88169,88747
25135,88183,88597
25136,88231,88759
25137,88272,90070
25138,88298,89279
25139,88316,90021
25140,88335,88508
25141,88343,91930
25142,88363,89305
25143,88386,88773
25144,88422,89284
25145,88425,92481
25146,88431,89073
25147,88457,90109
25148,88461,89663
25149,88481,89227
25150,88509,92003
25151,88519,91586
25152,88539,89656
25153,88543,89934
25154,88546,89113
25155,88556,92191
25156,88557,92034
25157,88564,92200
25158,88566,91589
25159,88574,90318
25160,88585,90697
25161,88595,92408
25162,88604,92074
25163,88613,89307
25164,88620,92164
25165,88623,91048
25166,88624,91145
25167,88627,89084
25168,88635,92048
25169,88638,92053
25170,88640,88939
25171,88657,90657
25172,88659,89005
25173,88660,91715
25174,88663,91674
25175,88664,89174
25176,88677,92368
25177,88691,91213
25178,88710,90725
25179,88712,92093
25180,88718,90044
25181,88723,92041
25182,88729,92005
25183,88749,89052
25184,88783,89444
25185,88805,91654
25186,88814,92130
25187,88816,90817
25188,88831,91317
25189,88835,92066
25190,88836,91023
25191,88842,89915
25192,88844,89074
25193,88845,91382
25194,88848,90437
25195,88850,90438
25196,88852,91040
25197,88858,90642
25198,88859,90362
25199,88862,92155
25200,88863,92049
25201,88868,92002
25202,88869,90921
25203,88876,90748
25204,88880,91456
25205,88889,92426
25206,88895,90831
25207,88913,91491
25208,88926,89537
25209,88929,91562
25210,88932,90547
25211,88945,90564
25212,88950,90882
25213,88958,90901
25214,88970,90604
25215,88974,91249
25216,88978,91248
25217,88982,90606
25218,88992,90563
25219,89015,89461
25220,89025,89219
25221,89034,90319
25222,89043,89728
25223,89067,90968
25224,89120,90261
25225,89137,91334
25226,89159,90167
25227,89172,91172
25228,89177,92031
25229,89181,90244
25230,89186,90780
25231,89224,90900
25232,89225,89936
25233,89243,90809
25234,89244,90967
25235,89248,90651
25236,89251,92107
25237,89267,90956
25238,89297,90684
25239,89342,90990
25240,89377,92014
25241,89397,91944
25242,89403,92121
25243,89405,91455
25244,89445,91544
25245,89453,92398
25246,89468,91160
25247,89476,90542
25248,89487,92466
25249,89490,91087
25250,89492,92338
25251,89515,91998
25252,89526,90925
25253,89555,90075
25254,89560,92474
25255,89564,92335
25256,89577,91051
25257,89578,89758
25258,89589,90698
25259,89593,92441
25260,89598,90229
25261,89606,92332
25262,89609,92389
25263,89616,92307
25264,89618,91751
25265,89619,90352
25266,89620,90936
25267,89621,92073
25268,89623,90972
25269,89625,91781
25270,89626,90410
25271,89628,92321
25272,89631,92306
25273,89634,91786
25274,89635,92110
25275,89637,91739
25276,89640,91020
25277,89642,92310
25278,89644,90215
25279,89645,91189
25280,89647,90587
25281,89648,91237
25282,89649,90241
25283,89650,91453
25284,89652,92331
25285,89653,91817
25286,89654,91742
25287,89657,92035
25288,89659,90393
25289,89662,92151
25290,89664,90747
25291,89668,91543
25292,89670,92112
25293,89678,92414
25294,89682,92100
25295,89687,92122
25296,89702,92385
25297,89703,91307
25298,89704,92388
25299,89708,91996
25300,89709,91711
25301,89712,91002
25302,89713,92000
25303,89717,91708
25304,89721,91709
25305,89723,91151
25306,89724,92386
25307,89726,91302
25308,89727,91013
25309,89730,91162
25310,89733,91887
25311,89734,91274
25312,89735,90699
25313,89736,91569
25314,89737,91067
25315,89740,91200
25316,89741,91937
25317,89742,92455
25318,89743,92207
25319,89746,92038
25320,89747,91224
25321,89748,91226
25322,89749,91177
25323,89750,92253
25324,89751,91117
25325,89752,91368
25326,89753,90732
25327,89754,91309
25328,89755,91118
25329,89756,91588
25330,89757,91759
25331,89759,91125
25332,89760,91062
25333,89761,90837
25334,89762,92069
25335,89763,92001
25336,89764,91210
25337,89765,90727
25338,89766,91300
25339,89767,91372
25340,89769,90852
25341,89771,92413
25342,89772,90952
25343,89773,91328
25344,89774,91621
25345,89775,91148
25346,89776,91235
25347,89777,91592
25348,89778,91714
25349,89779,90443
25350,89780,92127
25351,89781,91510
25352,89782,91080
25353,89783,90745
25354,89784,91129
25355,89785,91297
25356,89786,91385
25357,89787,90538
25358,89790,90753
25359,89792,91009
25360,89793,90754
25361,89794,91201
25362,89795,91643
25363,89796,91207
25364,89797,91890
25365,89798,91350
25366,89799,91222
25367,89800,91311
25368,89801,91402
25369,89802,91105
25370,89803,92470
25371,89804,90970
25372,89805,91233
25373,89806,90258
25374,89807,91873
25375,89809,91652
25376,89810,92186
25377,89811,92416
25378,89812,91637
25379,89813,91542
25380,89814,91371
25381,89815,90211
25382,89816,92203
25383,89817,91141
25384,89818,91342
25385,89820,91107
25386,89821,91419
25387,89822,91152
25388,89823,91083
25389,89824,91425
25390,89825,91359
25391,89826,91427
25392,89827,90993
25393,89828,91671
25394,89830,90788
25395,89831,91348
25396,89832,90915
25397,89833,91948
25398,89834,91120
25399,89835,91441
25400,89837,91443
25401,89838,90797
25402,89840,91111
25403,89841,91447
25404,89842,91042
25405,89843,91548
25406,89844,91101
25407,89845,91223
25408,89846,92437
25409,89847,91642
25410,89848,91421
25411,89849,91366
25412,89850,92092
25413,89851,91296
25414,89852,92267
25415,89853,91135
25416,89854,92180
25417,89855,92337
25418,89857,91460
25419,89858,91046
25420,89859,91267
25421,89860,91142
25422,89861,90125
25423,89862,91119
25424,89863,91374
25425,89864,91146
25426,89865,91294
25427,89867,92105
25428,89868,91323
25429,89869,92158
25430,89873,91326
25431,89874,91155
25432,89875,91479
25433,89876,92222
25434,89878,91273
25435,89880,91403
25436,89881,92283
25437,89883,91504
25438,89884,91418
25439,89885,92257
25440,89887,90845
25441,89888,90846
25442,89889,91088
25443,89890,91057
25444,89891,91103
25445,89893,90850
25446,89896,92328
25447,89897,91335
25448,89898,91178
25449,89900,91180
25450,89901,91976
25451,89902,91065
25452,89903,91489
25453,89904,92436
25454,89905,91498
25455,89906,92078
25456,89908,90660
25457,89909,91039
25458,89910,91840
25459,89911,91554
25460,89912,91254
25461,89913,90969
25462,89914,90230
25463,89916,91280
25464,89917,91509
25465,89918,91281
25466,89920,91564
25467,89921,91724
25468,89922,91076
25469,89923,91398
25470,89924,90966
25471,89926,92460
25472,89927,91377
25473,89930,91217
25474,89931,91437
25475,89932,91501
25476,89933,91079
25477,89938,92080
25478,89939,91900
25479,89940,92016
25480,89942,91234
25481,89943,91116
25482,89944,91967
25483,89945,91355
25484,89947,91429
25485,89948,91124
25486,89949,91612
25487,89950,91373
25488,89951,90914
25489,89952,90772
25490,89953,90954
25491,89954,91330
25492,89956,91466
25493,89958,91609
25494,89959,91626
25495,89961,90885
25496,89962,91528
25497,89964,92185
25498,89965,92326
25499,89966,91256
25500,89968,91571
25501,89969,91257
25502,89970,90783
25503,89971,91360
25504,89972,91277
25505,89974,91262
25506,89975,91364
25507,89976,91263
25508,89977,91580
25509,89978,91461
25510,89979,91567
25511,89981,91582
25512,89982,91583
25513,89983,91140
25514,89984,91258
25515,89985,91268
25516,89986,91261
25517,89987,91438
25518,89988,91378
25519,89989,91379
25520,89991,91159
25521,89992,92120
25522,89993,90295
25523,89994,91278
25524,89995,91390
25525,89996,91199
25526,89997,91205
25527,89998,91758
25528,89999,91282
25529,90000,92024
25530,90003,91395
25531,90004,92137
25532,90007,91305
25533,90008,91578
25534,90009,91094
25535,90013,91170
25536,90014,92068
25537,90018,91535
25538,90019,92211
25539,90020,92256
25540,90022,91898
25541,90023,91312
25542,90025,91991
25543,90026,90980
25544,90027,91641
25545,90028,90353
25546,90029,91452
25547,90031,91784
25548,90033,91319
25549,90034,90963
25550,90035,92277
25551,90037,91325
25552,90038,91327
25553,90039,91329
25554,90041,92282
25555,90045,92198
25556,90047,91973
25557,90049,92278
25558,90050,91252
25559,90051,91493
25560,90052,90536
25561,90054,92496
25562,90055,91520
25563,90056,92140
25564,90057,92272
25565,90059,91928
25566,90060,91531
25567,90061,92302
25568,90064,91517
25569,90065,92258
25570,90067,91863
25571,90068,91436
25572,90069,90899
25573,90072,91570
25574,90073,90826
25575,90074,90973
25576,90076,91697
25577,90077,91416
25578,90078,91104
25579,90079,91240
25580,90080,91442
25581,90081,91041
25582,90082,91470
25583,90083,91521
25584,90084,91276
25585,90085,90729
25586,90086,91649
25587,90087,90507
25588,90088,90676
25589,90089,90873
25590,90090,91804
25591,90091,92421
25592,90092,92201
25593,90093,91811
25594,90094,91169
25595,90095,91392
25596,90096,91700
25597,90097,91059
25598,90098,91914
25599,90099,90728
25600,90100,91399
25601,90101,91242
25602,90103,92021
25603,90104,91496
25604,90105,91676
25605,90106,91500
25606,90107,91422
25607,90110,91848
25608,90111,91070
25609,90112,91401
25610,90113,91376
25611,90114,90730
25612,90115,91400
25613,90116,91082
25614,90118,92044
25615,90119,90582
25616,90120,91143
25617,90121,91732
25618,90122,91406
25619,90123,90976
25620,90124,90678
25621,90126,90653
25622,90127,90839
25623,90128,91190
25624,90129,91836
25625,90130,91766
25626,90131,91361
25627,90132,91219
25628,90133,91220
25629,90134,91630
25630,90137,91551
25631,90139,91552
25632,90140,91358
25633,90141,91823
25634,90143,90935
25635,90144,91110
25636,90146,91763
25637,90148,90787
25638,90149,91434
25639,90151,92088
25640,90152,91602
25641,90154,92076
25642,90155,90911
25643,90156,91705
25644,90157,92083
25645,90158,91639
25646,90160,91446
25647,90161,91741
25648,90162,91221
25649,90163,91407
25650,90164,91450
25651,90168,91454
25652,90169,92091
25653,90170,91093
25654,90172,91594
25655,90173,91772
25656,90174,91459
25657,90175,91876
25658,90176,92095
25659,90177,92006
25660,90178,91238
25661,90179,91903
25662,90180,91464
25663,90181,91465
25664,90182,91692
25665,90183,91933
25666,90184,91096
25667,90185,92275
25668,90186,91474
25669,90187,90965
25670,90188,92418
25671,90189,91098
25672,90191,91492
25673,90192,91866
25674,90193,91478
25675,90194,91156
25676,90195,90836
25677,90196,91917
25678,90199,91559
25679,90200,91557
25680,90201,91816
25681,90202,91488
25682,90203,90524
25683,90204,91490
25684,90205,91420
25685,90206,91843
25686,90207,91555
25687,90208,90743
25688,90209,91669
25689,90210,92322
25690,90212,90872
25691,90213,91365
25692,90214,91384
25693,90216,92290
25694,90218,91024
25695,90219,92439
25696,90220,91533
25697,90221,91473
25698,90222,91357
25699,90223,91736
25700,90224,91972
25701,90226,90889
25702,90228,91712
25703,90231,91066
25704,90232,91722
25705,90233,91682
25706,90234,91600
25707,90235,91512
25708,90236,91726
25709,90239,91636
25710,90240,91154
25711,90245,90804
25712,90246,91523
25713,90248,90957
25714,90249,92463
25715,90250,91651
25716,90251,91541
25717,90252,90893
25718,90253,91693
25719,90255,91534
25720,90256,91053
25721,90257,92077
25722,90259,91540
25723,90262,90608
25724,90263,91546
25725,90264,92022
25726,90265,91670
25727,90266,92605
25728,90267,90469
25729,90268,91608
25730,90269,91522
25731,90270,91953
25732,90271,91614
25733,90272,91133
25734,90273,91136
25735,90274,91648
25736,90275,91054
25737,90276,91484
25738,90277,91694
25739,90278,90953
25740,90279,91331
25741,90281,91978
25742,90284,91071
25743,90285,91068
25744,90286,91537
25745,90288,91572
25746,90289,91037
25747,90290,91899
25748,90291,91576
25749,90292,91315
25750,90293,91577
25751,90294,91579
25752,90296,91241
25753,90297,91505
25754,90299,91788
25755,90300,91596
25756,90301,91131
25757,90302,91605
25758,90303,91247
25759,90304,91283
25760,90305,91798
25761,90306,91601
25762,90307,91428
25763,90309,91591
25764,90310,91774
25765,90311,92146
25766,90312,90859
25767,90314,91838
25768,90315,90961
25769,90316,90962
25770,90317,90883
25771,90320,91940
25772,90321,90907
25773,90322,92079
25774,90325,92085
25775,90326,91044
25776,90327,92196
25777,90328,92453
25778,90329,91883
25779,90330,91471
25780,90331,91668
25781,90333,91656
25782,90334,90692
25783,90336,91386
25784,90338,91336
25785,90340,91284
25786,90344,91925
25787,90345,91631
25788,90346,91112
25789,90347,91288
25790,90348,91634
25791,90349,91286
25792,90350,91755
25793,90356,92432
25794,90358,91815
25795,90360,91658
25796,90361,91661
25797,90368,91698
25798,90369,91837
25799,90371,91005
25800,90375,91844
25801,90377,92179
25802,90378,92221
25803,90382,91891
25804,90383,91865
25805,90384,91227
25806,90386,91895
25807,90387,92097
25808,90388,91941
25809,90389,91744
25810,90390,91880
25811,90394,91790
25812,90395,90994
25813,90396,91881
25814,90397,91747
25815,90398,92214
25816,90399,91731
25817,90400,91960
25818,90401,91363
25819,90402,91611
25820,90403,91272
25821,90405,91706
25822,90406,92215
25823,90407,90881
25824,90409,90816
25825,90411,91050
25826,90412,91321
25827,90413,91710
25828,90414,90842
25829,90415,92109
25830,90416,91659
25831,90417,91702
25832,90418,91885
25833,90420,91299
25834,90421,92225
25835,90422,91822
25836,90423,90793
25837,90424,92224
25838,90425,91389
25839,90426,91835
25840,90427,91839
25841,90429,92147
25842,90430,91721
25843,90431,92154
25844,90432,91206
25845,90434,91725
25846,90436,91686
25847,90440,91691
25848,90442,92153
25849,90444,92178
25850,90445,92288
25851,90446,91874
25852,90447,91239
25853,90448,91036
25854,90449,91907
25855,90452,90977
25856,90453,91439
25857,90454,92114
25858,90455,92115
25859,90456,90928
25860,90457,91343
25861,90458,91417
25862,90459,91746
25863,90460,91703
25864,90462,91748
25865,90463,91424
25866,90465,91752
25867,90466,91633
25868,90467,91701
25869,90468,91320
25870,90470,91115
25871,90471,91435
25872,90472,91681
25873,90473,90937
25874,90474,91830
25875,90475,90794
25876,90477,91761
25877,90478,92401
25878,90479,92184
25879,90480,91951
25880,90482,90801
25881,90483,92403
25882,90484,91929
25883,90486,91773
25884,90487,91149
25885,90488,91449
25886,90489,91644
25887,90490,91871
25888,90491,90943
25889,90492,91782
25890,90494,91370
25891,90495,91902
25892,90496,92409
25893,90497,90946
25894,90500,92098
25895,90501,91581
25896,90502,91793
25897,90503,91720
25898,90504,91653
25899,90505,92274
25900,90506,92276
25901,90508,91619
25902,90509,91322
25903,90510,91558
25904,90511,90964
25905,90512,91556
25906,90513,91801
25907,90514,91884
25908,90515,92325
25909,90516,92018
25910,90517,92152
25911,90518,91102
25912,90520,91028
25913,90521,91620
25914,90522,91664
25915,90523,91618
25916,90525,91666
25917,90526,91821
25918,90527,92125
25919,90529,91768
25920,90530,92473
25921,90531,91942
25922,90533,91468
25923,90534,91716
25924,90535,90857
25925,90539,91916
25926,90540,91388
25927,90541,91719
25928,90543,91298
25929,90544,92081
25930,90546,91842
25931,90548,92030
25932,90549,91613
25933,90550,91947
25934,90551,92150
25935,90552,91394
25936,90553,92111
25937,90554,92446
25938,90555,91847
25939,90556,91229
25940,90559,92162
25941,90560,91727
25942,90561,91952
25943,90562,91983
25944,90565,91627
25945,90567,92037
25946,90569,92169
25947,90571,90712
25948,90573,92013
25949,90574,91529
25950,90575,91994
25951,90576,91138
25952,90577,91988
25953,90578,92042
25954,90579,92043
25955,90580,92176
25956,90584,92506
25957,90588,91733
25958,90590,91090
25959,90591,92047
25960,90592,91946
25961,90593,91250
25962,90594,91995
25963,90596,91290
25964,90597,90769
25965,90598,91789
25966,90599,92007
25967,90600,92055
25968,90601,92017
25969,90603,90866
25970,90605,91255
25971,90607,92010
25972,90609,91893
25973,90611,91896
25974,90612,91430
25975,90615,91918
25976,90616,91901
25977,90617,91215
25978,90619,91707
25979,90620,91906
25980,90621,92218
25981,90623,91467
25982,90624,92234
25983,90625,91910
25984,90626,91913
25985,90627,92233
25986,90630,91597
25987,90631,92230
25988,90632,91894
25989,90633,91889
25990,90634,91924
25991,90635,91729
25992,90637,92126
25993,90638,91397
25994,90639,91632
25995,90640,92194
25996,90641,91121
25997,90645,92032
25998,90646,91472
25999,90647,92108
26000,90649,90920
26001,90650,91414
26002,90652,92059
26003,90654,91935
26004,90655,91507
26005,90661,91696
26006,90662,92058
26007,90663,92190
26008,90664,92062
26009,90665,91665
26010,90666,92192
26011,90668,92193
26012,90669,91168
26013,90670,91945
26014,90671,91313
26015,90672,92072
26016,90673,91975
26017,90679,91959
26018,90682,92104
26019,90683,92244
26020,90685,92245
26021,90687,91965
26022,90688,91260
26023,90690,92202
26024,90691,91075
26025,90694,91810
26026,90695,91814
26027,90696,91993
26028,90700,91499
26029,90703,91161
26030,90705,91393
26031,90706,92149
26032,90708,91344
26033,90713,91987
26034,90714,91285
26035,90715,91992
26036,90716,91547
26037,90717,92084
26038,90718,91971
26039,90719,91932
26040,90720,91977
26041,90721,92210
26042,90722,91704
26043,90723,92450
26044,90724,92033
26045,90726,92165
26046,90731,91271
26047,90733,92280
26048,90734,91157
26049,90735,91660
26050,90736,92334
26051,90737,92142
26052,90738,92090
26053,90739,91380
26054,90741,92036
26055,90742,91974
26056,90744,92020
26057,90746,92366
26058,90749,92026
26059,90750,92442
26060,90751,91911
26061,90752,92029
26062,90755,92163
26063,90756,91985
26064,90757,92464
26065,90758,92209
26066,90761,92175
26067,90763,91515
26068,90766,91989
26069,90767,91352
26070,90768,91408
26071,90770,91771
26072,90773,92011
26073,90774,91253
26074,90776,91879
26075,90777,92429
26076,90778,92060
26077,90779,92170
26078,90781,92061
26079,90785,91279
26080,90786,92393
26081,90789,91549
26082,90790,92260
26083,90791,92316
26084,90792,91997
26085,90795,91999
26086,90798,91799
26087,90800,92102
26088,90802,91629
26089,90803,92315
26090,90805,92086
26091,90806,92168
26092,90808,92159
26093,90811,91265
26094,90812,91645
26095,90819,91584
26096,90820,92063
26097,90821,92052
26098,90822,91734
26099,90823,91904
26100,90824,92101
26101,90829,91375
26102,90830,92106
26103,90832,91475
26104,90833,92197
26105,90834,92054
26106,90838,92422
26107,90840,92123
26108,90847,92015
26109,90848,92028
26110,90851,92494
26111,90853,91915
26112,90854,92129
26113,90856,92131
26114,90858,92289
26115,90860,92501
26116,90861,92329
26117,90862,91482
26118,90863,91809
26119,90864,91635
26120,90867,92295
26121,90868,91426
26122,90869,91921
26123,90870,92296
26124,90871,91919
26125,90874,92156
26126,90875,92157
26127,90876,91362
26128,90877,91196
26129,90880,91483
26130,90886,91518
26131,90887,91855
26132,90888,92135
26133,90890,91859
26134,90891,92420
26135,90892,92039
26136,90895,92286
26137,90896,92027
26138,90897,92299
26139,90898,91404
26140,90905,92103
26141,90906,91545
26142,90909,91927
26143,90910,91737
26144,90912,91607
26145,90913,92208
26146,90917,91655
26147,90919,91324
26148,90922,92486
26149,90923,91663
26150,90926,92204
26151,90930,92046
26152,90931,92182
26153,90933,92212
26154,90934,92231
26155,90938,91440
26156,90941,92223
26157,90942,92213
26158,90944,91269
26159,90948,92226
26160,90949,92228
26161,90950,92220
26162,90955,92219
26163,90959,91718
26164,90960,92232
26165,90974,91353
26166,90987,92181
26167,90988,92383
26168,90989,92259
26169,90995,91432
26170,90996,92071
26171,90997,92397
26172,91001,92266
26173,91006,91650
26174,91007,92177
26175,91011,92247
26176,91014,91808
26177,91016,91779
26178,91017,92118
26179,91018,92284
26180,91021,92285
26181,91026,91981
26182,91029,92459
26183,91032,92468
26184,91033,92469
26185,91034,92301
26186,91038,91575
26187,91043,91367
26188,91049,91958
26189,91052,92009
26190,91056,92379
26191,91058,92124
26192,91060,91595
26193,91061,91494
26194,91063,92205
26195,91069,92144
26196,91072,91599
26197,91073,91624
26198,91077,91685
26199,91078,91728
26200,91081,91897
26201,91086,91689
26202,91091,92404
26203,91095,92411
26204,91097,91587
26205,91099,92443
26206,91100,92444
26207,91109,91604
26208,91113,92217
26209,91114,92394
26210,91123,92350
26211,91126,92351
26212,91127,92269
26213,91128,92390
26214,91132,91990
26215,91134,92485
26216,91139,91870
26217,91144,92099
26218,91153,92384
26219,91165,92428
26220,91167,91943
26221,91171,92227
26222,91173,92199
26223,91174,92431
26224,91176,91383
26225,91179,92363
26226,91183,91617
26227,91185,92438
26228,91188,92025
26229,91191,92367
26230,91193,92345
26231,91198,92148
26232,91211,92300
26233,91214,92461
26234,91228,92303
26235,91236,92400
26236,91243,91785
26237,91245,92402
26238,91270,91963
26239,91275,91590
26240,91289,91950
26241,91291,91616
26242,91292,92434
26243,91295,92493
26244,91301,92279
26245,91308,92065
26246,91310,92238
26247,91339,92229
26248,91347,91986
26249,91351,92262
26250,91387,92133
26251,91391,92237
26252,91396,92298
26253,91409,92070
26254,91410,92139
26255,91411,92143
26256,91415,92188
26257,91433,92050
26258,91448,92264
26259,91458,92004
26260,91480,92327
26261,91495,92012
26262,91502,92056
26263,91503,92057
26264,91506,92145
26265,91508,91598
26266,91513,91936
26267,91514,91603
26268,91530,92174
26269,91550,92051
26270,91565,92447
26271,91566,92075
26272,91606,92195
26273,91622,92527
26274,91677,91961
26275,91678,92141
26276,91683,92497
26277,91765,92082
26278,91812,92571
26279,91832,92291
26280,91841,92206
26281,91909,92216
26282,91923,92235
26283,91979,92138
26284,91898,92239
26285,91576,92240
26286,90081,92241
26287,91005,92242
26288,90682,92243
26289,90405,92246
26290,92112,92248
26291,90527,92250
26292,91070,92251
26293,90318,92254
26294,91907,92255
26295,89998,92312
26296,90495,92313
26297,90109,92319
26298,89978,92320
26299,92124,92330
26300,90591,92339
26301,90996,92346
26302,90008,92352
26303,91006,92356
26304,92374,92521
26305,92178,92380
26306,90079,92392
26307,90421,92405
26308,90168,92407
26309,90660,92440
26310,91206,92458
26311,90973,92475
26312,91121,92476
26313,90023,92479
26314,90811,92484
26315,90500,92488
26316,90833,92490
26317,91169,92495
26318,92192,92505
26319,91286,92508
26320,91788,92510
26321,90004,92513
26322,90269,92515
26323,90661,92518
26324,92131,92524
26325,92366,92525
26326,89645,92526
26327,92295,92528
26328,91682,92529
26329,91116,92531
26330,91909,92537
26331,92224,92538
26332,91914,92576
26333,91434,92608
26334,91176,92624
26335,90386,92643
26336,92334,92651
26337,92126,92652
26338,89750,92661
26339,90231,92666
26340,92709,94094
26341,92736,93806
26342,92737,94130
26343,92754,94181
26344,92766,94054
26345,92837,94278
26346,92861,94074
26347,92865,94395
26348,92880,95660
26349,92890,94573
26350,92917,95707
26351,92918,93453
26352,92925,94674
26353,92961,93751
26354,92968,94590
26355,93036,93750
26356,93083,93972
26357,93096,93271
26358,93106,94002
26359,93166,93367
26360,93194,94078
26361,93199,95036
26362,93233,93458
26363,93246,94326
26364,93247,93630
26365,93258,94270
26366,93269,93702
26367,93286,94254
26368,93340,93642
26369,93349,94082
26370,93365,94706
26371,93376,94170
26372,93382,95971
26373,93447,93791
26374,93450,95674
26375,93461,96315
26376,93485,93790
26377,93486,96983
26378,93513,95747
26379,93525,93911
26380,93555,94377
26381,93566,95994
26382,93572,97098
26383,93575,97121
26384,93581,97138
26385,93588,97142
26386,93592,95999
26387,93598,94673
26388,93610,95954
26389,93614,96963
26390,93617,97025
26391,93623,96393
26392,93636,97039
26393,93640,97440
26394,93646,95696
26395,93648,96275
26396,93657,97055
26397,93661,96512
26398,93664,94182
26399,93666,97044
26400,93678,94745
26401,93682,95394
26402,93697,96230
26403,93701,94937
26404,93723,96272
26405,93747,95733
26406,93748,94601
26407,93749,95802
26408,93753,96154
26409,93757,94116
26410,93807,94720
26411,93810,94137
26412,93830,95941
26413,93838,97432
26414,93848,94837
26415,93849,94446
26416,93860,95466
26417,93861,96401
26418,93864,96954
26419,93867,97157
26420,93868,96219
26421,93871,96170
26422,93872,95459
26423,93873,94933
26424,93875,96750
26425,93876,95462
26426,93884,94899
26427,93885,95497
26428,93887,95483
26429,93894,97024
26430,93908,96004
26431,93909,95769
26432,93917,97464
26433,93925,96740
26434,93927,94115
26435,93939,96524
26436,93941,94098
26437,93957,95574
26438,93962,95888
26439,93965,94243
26440,93970,95587
26441,93971,95588
26442,93974,95906
26443,93979,95916
26444,93982,95096
26445,93985,96918
26446,93995,96123
26447,93998,95703
26448,93999,95671
26449,94008,95301
26450,94032,96242
26451,94038,96249
26452,94046,96276
26453,94047,95817
26454,94058,96285
26455,94059,96390
26456,94093,96194
26457,94099,96419
26458,94144,96432
26459,94149,96431
26460,94154,97139
26461,94163,96433
26462,94174,96319
26463,94175,95194
26464,94180,95235
26465,94192,96264
26466,94217,96199
26467,94219,95556
26468,94221,96208
26469,94230,97064
26470,94257,95965
26471,94258,96271
26472,94269,95826
26473,94290,96290
26474,94314,95979
26475,94319,96250
26476,94370,96970
26477,94378,96429
26478,94423,96651
26479,94439,95816
26480,94442,96958
26481,94453,97345
26482,94459,97103
26483,94464,96976
26484,94465,96484
26485,94473,97146
26486,94480,96097
26487,94481,96090
26488,94486,96528
26489,94488,95246
26490,94494,97188
26491,94497,96598
26492,94503,97380
26493,94510,97383
26494,94513,97388
26495,94516,96575
26496,94517,96118
26497,94546,95892
26498,94561,97419
26499,94566,96661
26500,94568,96143
26501,94571,97029
26502,94572,97420
26503,94577,95687
26504,94578,96052
26505,94581,96196
26506,94592,95429
26507,94614,96745
26508,94615,96017
26509,94622,97476
26510,94623,97113
26511,94626,96197
26512,94630,97033
26513,94636,97072
26514,94638,96758
26515,94639,95991
26516,94642,96311
26517,94644,96671
26518,94645,97509
26519,94646,96266
26520,94650,95975
26521,94662,96732
26522,94667,96458
26523,94668,97508
26524,94672,96952
26525,94675,96224
26526,94679,97374
26527,94682,95422
26528,94684,95752
26529,94685,95746
26530,94690,96079
26531,94693,97358
26532,94694,97362
26533,94695,95755
26534,94696,95756
26535,94697,96185
26536,94699,95796
26537,94702,95859
26538,94703,97069
26539,94704,97368
26540,94705,96231
26541,94711,95162
26542,94712,95313
26543,94713,96481
26544,94718,97379
26545,94724,96770
26546,94725,95934
26547,94727,96236
26548,94728,96288
26549,94729,96348
26550,94737,95967
26551,94740,95854
26552,94741,97043
26553,94743,96174
26554,94746,96987
26555,94747,97327
26556,94749,96447
26557,94752,96209
26558,94755,96533
26559,94757,95889
26560,94758,95139
26561,94761,95358
26562,94763,96843
26563,94764,95947
26564,94765,96889
26565,94766,95289
26566,94767,95948
26567,94770,96894
26568,94772,95359
26569,94773,96902
26570,94775,97447
26571,94776,96135
26572,94777,96848
26573,94778,95743
26574,94779,95805
26575,94780,95474
26576,94782,96475
26577,94783,96365
26578,94784,95380
26579,94785,95512
26580,94786,95827
26581,94787,96803
26582,94788,96160
26583,94789,95837
26584,94790,95790
26585,94791,95821
26586,94792,96834
26587,94793,97452
26588,94794,95812
26589,94795,96509
26590,94796,96425
26591,94797,96089
26592,94801,96415
26593,94803,96704
26594,94804,96622
26595,94805,95569
26596,94806,96211
26597,94807,96216
26598,94808,96541
26599,94810,96186
26600,94811,97179
26601,94812,95338
26602,94814,95770
26603,94815,96639
26604,94818,96908
26605,94819,97489
26606,94820,96158
26607,94822,97418
26608,94823,96466
26609,94824,96248
26610,94825,96886
26611,94826,96777
26612,94827,96252
26613,94829,96260
26614,94830,96265
26615,94831,95749
26616,94832,95492
26617,94833,96387
26618,94834,95178
26619,94835,96301
26620,94838,96965
26621,94839,96132
26622,94840,96660
26623,94841,95803
26624,94842,97023
26625,94844,96391
26626,94845,96133
26627,94847,96463
26628,94848,96119
26629,94849,96581
26630,94850,97187
26631,94851,97400
26632,94852,96124
26633,94853,96115
26634,94855,96632
26635,94856,96162
26636,94857,95959
26637,94858,96149
26638,94859,96205
26639,94860,96350
26640,94861,96396
26641,94862,96397
26642,94863,95156
26643,94864,96612
26644,94865,96155
26645,94866,97074
26646,94868,96723
26647,94869,95688
26648,94871,97224
26649,94872,96355
26650,94873,96207
26651,94875,97443
26652,94877,96615
26653,94879,96562
26654,94880,96300
26655,94881,96233
26656,94882,96164
26657,94883,96139
26658,94884,96039
26659,94885,95961
26660,94886,96167
26661,94887,96168
26662,94888,96677
26663,94889,96326
26664,94890,96134
26665,94893,96178
26666,94894,96410
26667,94895,96495
26668,94896,95853
26669,94897,96685
26670,94900,97318
26671,94902,96234
26672,94903,96838
26673,94904,95989
26674,94905,96198
26675,94906,97387
26676,94907,96201
26677,94909,97052
26678,94910,96184
26679,94911,95869
26680,94912,97022
26681,94913,95449
26682,94914,95673
26683,94916,96633
26684,94918,97422
26685,94919,96215
26686,94920,96113
26687,94921,96110
26688,94923,96305
26689,94924,95457
26690,94926,95410
26691,94927,96218
26692,94928,97067
26693,94929,97031
26694,94930,96223
26695,94934,96227
26696,94935,96426
26697,94936,96228
26698,94940,96978
26699,94942,96255
26700,94946,96214
26701,94947,96334
26702,94948,97381
26703,94949,97071
26704,94951,96217
26705,94953,97040
26706,94954,96238
26707,94955,96006
26708,94956,96111
26709,94957,96335
26710,94958,96564
26711,94959,97016
26712,94961,96709
26713,94962,96897
26714,94963,96116
26715,94964,96117
26716,94965,95445
26717,94967,96268
26718,94969,96075
26719,94970,96721
26720,94973,96137
26721,94974,96635
26722,94976,96122
26723,94977,97154
26724,94979,96237
26725,94980,96679
26726,94981,96957
26727,94985,96547
26728,94990,96286
26729,94991,97076
26730,94992,96302
26731,94994,97042
26732,94995,95992
26733,94996,96163
26734,94997,96295
26735,94998,96296
26736,94999,96647
26737,95000,95813
26738,95001,96303
26739,95002,96749
26740,95003,96297
26741,95004,97165
26742,95005,96304
26743,95006,96183
26744,95007,96306
26745,95008,95865
26746,95009,96299
26747,95010,96590
26748,95012,95730
26749,95013,96631
26750,95015,96808
26751,95016,96610
26752,95017,95928
26753,95018,96720
26754,95019,96454
26755,95020,96019
26756,95021,96020
26757,95022,96077
26758,95024,96025
26759,95025,96317
26760,95027,97032
26761,95028,96384
26762,95029,96153
26763,95030,96081
26764,95031,97536
26765,95032,96292
26766,95034,96323
26767,95035,97169
26768,95037,96173
26769,95038,97145
26770,95039,96087
26771,95040,95974
26772,95041,96591
26773,95042,95618
26774,95043,95938
26775,95045,95984
26776,95046,96023
26777,95047,97203
26778,95048,97544
26779,95049,96070
26780,95050,97548
26781,95051,97245
26782,95052,96375
26783,95053,96464
26784,95054,96147
26785,95055,96103
26786,95056,97034
26787,95057,96491
26788,95058,96907
26789,95059,97132
26790,95060,95956
26791,95061,97451
26792,95062,96748
26793,95063,96442
26794,95064,97314
26795,95066,96278
26796,95067,96991
26797,95069,96353
26798,95070,96349
26799,95071,96367
26800,95072,96510
26801,95077,96009
26802,95078,97160
26803,95079,96940
26804,95081,96675
26805,95085,95908
26806,95086,95900
26807,95089,97068
26808,95090,96696
26809,95098,95993
26810,95099,96557
26811,95101,96440
26812,95102,95930
26813,95103,96567
26814,95104,96998
26815,95105,96342
26816,95106,96389
26817,95107,97096
26818,95108,96182
26819,95109,96392
26820,95110,96145
26821,95112,96245
26822,95115,96084
26823,95116,96400
26824,95117,97037
26825,95118,96502
26826,95119,97267
26827,95121,97241
26828,95122,96467
26829,95123,97194
26830,95124,97282
26831,95125,96693
26832,95126,96403
26833,95127,95712
26834,95129,97167
26835,95130,96534
26836,95131,97006
26837,95132,96539
26838,95133,96422
26839,95135,97089
26840,95140,97205
26841,95141,96603
26842,95143,96100
26843,95144,96408
26844,95145,96480
26845,95146,97166
26846,95147,96436
26847,95148,97223
26848,95149,96576
26849,95150,97256
26850,95151,96441
26851,95152,95995
26852,95154,96857
26853,95155,96638
26854,95157,96443
26855,95158,96445
26856,95159,97086
26857,95160,97239
26858,95161,96853
26859,95163,96129
26860,95164,96455
26861,95165,96523
26862,95166,96583
26863,95167,96459
26864,95168,96507
26865,95169,95955
26866,95170,97333
26867,95171,96461
26868,95173,96593
26869,95174,97100
26870,95176,97231
26871,95177,96438
26872,95179,96078
26873,95180,96347
26874,95181,96933
26875,95182,96975
26876,95183,96929
26877,95185,96765
26878,95186,96246
26879,95187,96088
26880,95188,96930
26881,95191,96478
26882,95193,95619
26883,95195,97233
26884,95196,96544
26885,95197,97094
26886,95198,96483
26887,95200,96979
26888,95201,96486
26889,95204,96489
26890,95205,95838
26891,95206,96261
26892,95207,96037
26893,95208,96641
26894,95209,96627
26895,95210,96493
26896,95211,96589
26897,95212,96676
26898,95213,96357
26899,95214,96404
26900,95215,97134
26901,95216,97450
26902,95217,96359
26903,95218,96819
26904,95219,96563
26905,95220,97140
26906,95221,96045
26907,95222,96503
26908,95224,97195
26909,95226,97299
26910,95227,96584
26911,95229,96912
26912,95230,96600
26913,95231,95855
26914,95232,96515
26915,95233,96776
26916,95234,96522
26917,95236,96494
26918,95238,96527
26919,95239,97321
26920,95240,96204
26921,95241,97215
26922,95242,96055
26923,95244,96473
26924,95245,96166
26925,95248,96437
26926,95250,96095
26927,95251,96421
26928,95252,96540
26929,95253,96767
26930,95254,97127
26931,95255,95543
26932,95257,96289
26933,95259,96221
26934,95260,96082
26935,95261,96649
26936,95262,96625
26937,95263,96551
26938,95264,96626
26939,95265,95645
26940,95269,96395
26941,95270,96388
26942,95271,96624
26943,95272,96439
26944,95273,97506
26945,95275,96005
26946,95276,97202
26947,95278,97246
26948,95280,96881
26949,95281,97495
26950,95282,96102
26951,95283,96096
26952,95284,96565
26953,95285,96382
26954,95286,97211
26955,95287,96144
26956,95288,97147
26957,95290,96406
26958,95291,96601
26959,95292,96657
26960,95293,96313
26961,95295,95582
26962,95296,95927
26963,95297,96339
26964,95298,96270
26965,95299,95996
26966,95300,95493
26967,95302,97092
26968,95303,97152
26969,95305,95668
26970,95306,96909
26971,95307,97143
26972,95308,96003
26973,95309,97243
26974,95311,96457
26975,95314,97020
26976,95315,96606
26977,95316,96924
26978,95317,97026
26979,95318,96287
26980,95319,96928
26981,95320,96148
26982,95321,97126
26983,95322,96613
26984,95323,96407
26985,95324,97249
26986,95325,96617
26987,95326,96618
26988,95327,96504
26989,95328,96409
26990,95329,96325
26991,95330,97150
26992,95331,96826
26993,95332,96402
26994,95333,96327
26995,95334,96621
26996,95335,96620
26997,95336,96146
26998,95337,96608
26999,95340,96511
27000,95341,96552
27001,95342,96553
27002,95343,96628
27003,95344,96492
27004,95345,96394
27005,95347,96630
27006,95348,96569
27007,95350,97112
27008,95351,96269
27009,95352,96092
27010,95353,96634
27011,95354,96346
27012,95355,96318
27013,95357,97114
27014,95360,96171
27015,95361,96361
27016,95363,97075
27017,95364,96414
27018,95366,96629
27019,95369,96655
27020,95370,96658
27021,95371,96337
27022,95372,96663
27023,95373,97517
27024,95376,96659
27025,95378,96727
27026,95379,96027
27027,95381,96990
27028,95382,96637
27029,95383,95964
27030,95384,97183
27031,95387,96980
27032,95391,96179
27033,95392,96734
27034,95393,96169
27035,95396,96681
27036,95397,97371
27037,95398,96362
27038,95399,96690
27039,95400,96380
27040,95401,97520
27041,95405,95716
27042,95408,96042
27043,95409,96962
27044,95413,97334
27045,95415,96062
27046,95416,96711
27047,95418,95874
27048,95420,96986
27049,95423,96784
27050,95424,96778
27051,95425,95957
27052,95426,96801
27053,95427,96030
27054,95432,96824
27055,95433,95843
27056,95434,97359
27057,95435,97261
27058,95436,96604
27059,95437,96837
27060,95438,96766
27061,95439,96730
27062,95440,96737
27063,95441,96682
27064,95442,96713
27065,95443,96450
27066,95444,95797
27067,95446,96417
27068,95447,96418
27069,95448,96949
27070,95450,96521
27071,95451,96688
27072,95452,96868
27073,95453,97522
27074,95455,96872
27075,95458,96098
27076,95460,96698
27077,95461,96744
27078,95463,96754
27079,95464,96726
27080,95465,96755
27081,95467,96666
27082,95468,96708
27083,95469,96757
27084,95470,96733
27085,95471,96887
27086,95472,97021
27087,95473,96759
27088,95475,96762
27089,95477,96722
27090,95479,97028
27091,95480,96799
27092,95481,96699
27093,95484,96332
27094,95486,96773
27095,95487,96774
27096,95489,96513
27097,95490,96725
27098,95491,97448
27099,95494,95998
27100,95495,96927
27101,95496,96664
27102,95498,96729
27103,95500,97510
27104,95501,97099
27105,95502,96611
27106,95504,96972
27107,95505,95820
27108,95506,95822
27109,95508,96792
27110,95509,96499
27111,95510,96479
27112,95513,96739
27113,95515,96804
27114,95516,97441
27115,95519,97356
27116,95520,97168
27117,95521,96820
27118,95522,96812
27119,95524,96041
27120,95526,96815
27121,95528,96919
27122,95529,96643
27123,95531,96822
27124,95532,97363
27125,95533,96911
27126,95534,96738
27127,95535,97456
27128,95536,96683
27129,95539,96880
27130,95540,96830
27131,95542,96914
27132,95545,96520
27133,95546,96717
27134,95547,97279
27135,95548,96861
27136,95549,96856
27137,95551,97161
27138,95552,97002
27139,95553,96790
27140,95554,97430
27141,95555,97469
27142,95557,97357
27143,95559,96298
27144,95560,96050
27145,95561,97283
27146,95562,96743
27147,95564,96536
27148,95565,96747
27149,95566,96728
27150,95567,96941
27151,95568,96854
27152,95572,96546
27153,95573,96548
27154,95575,96640
27155,95576,96864
27156,95577,97189
27157,95578,96846
27158,95580,97328
27159,95581,96736
27160,95583,96946
27161,95584,96753
27162,95585,96947
27163,95586,96867
27164,95589,97012
27165,95590,96877
27166,95593,96882
27167,95594,96884
27168,95595,96885
27169,95599,96383
27170,95600,96906
27171,95601,97018
27172,95602,96256
27173,95603,97015
27174,95604,96538
27175,95605,97247
27176,95607,97081
27177,95608,96716
27178,95609,96579
27179,95612,97106
27180,95613,97343
27181,95614,96284
27182,95615,96841
27183,95616,96921
27184,95617,96950
27185,95620,96684
27186,95621,97460
27187,95623,97373
27188,95624,96920
27189,95625,96232
27190,95626,97066
27191,95628,96599
27192,95629,97342
27193,95630,97070
27194,95631,96922
27195,95632,97507
27196,95635,96316
27197,95636,96945
27198,95637,96923
27199,95638,96925
27200,95639,96926
27201,95640,96789
27202,95641,96943
27203,95642,96931
27204,95643,97038
27205,95644,96932
27206,95646,96806
27207,95647,96934
27208,95649,96496
27209,95651,96508
27210,95652,97236
27211,95653,96939
27212,95654,96938
27213,95655,96370
27214,95656,96308
27215,95657,96195
27216,95658,96307
27217,95659,96760
27218,95661,96573
27219,95662,96015
27220,95663,97199
27221,95664,97097
27222,95665,96585
27223,95666,96971
27224,95669,96984
27225,95670,96500
27226,95672,96222
27227,95676,97051
27228,95677,96650
27229,95679,97221
27230,95681,97229
27231,95682,96948
27232,95683,96161
27233,95684,97230
27234,95685,96140
27235,95686,96662
27236,95690,96586
27237,95693,96702
27238,95695,97315
27239,95697,97336
27240,95698,97325
27241,95702,96967
27242,95706,96689
27243,95711,97319
27244,95713,96530
27245,95714,96531
27246,95717,97173
27247,95720,96412
27248,95722,96428
27249,95726,96701
27250,95728,96654
27251,95731,96435
27252,95736,96718
27253,95737,96669
27254,95739,97082
27255,95740,97108
27256,95744,97354
27257,95745,97046
27258,95748,97497
27259,95750,97035
27260,95751,97119
27261,95753,97131
27262,95754,97137
27263,95757,97238
27264,95758,97271
27265,95759,97056
27266,95760,97001
27267,95761,97050
27268,95762,96840
27269,95763,96054
27270,95766,97054
27271,95767,97172
27272,95768,97427
27273,95771,97486
27274,95772,97063
27275,95773,97065
27276,95775,97222
27277,95777,97077
27278,95778,97118
27279,95780,97365
27280,95781,97073
27281,95782,97242
27282,95783,97062
27283,95784,96891
27284,95785,97218
27285,95786,97248
27286,95787,96695
27287,95788,97174
27288,95789,97225
27289,95791,96966
27290,95792,97061
27291,95793,96781
27292,95794,97234
27293,95795,97235
27294,95798,96904
27295,95800,97192
27296,95801,97083
27297,95804,96460
27298,95806,96345
27299,95807,97101
27300,95808,97102
27301,95809,97276
27302,95811,97347
27303,95814,97105
27304,95815,96609
27305,95818,97107
27306,95819,97110
27307,95823,96791
27308,95824,96399
27309,95830,97115
27310,95834,97041
27311,95836,96731
27312,95839,96981
27313,95840,97129
27314,95841,97095
27315,95842,96764
27316,95845,96833
27317,95846,97159
27318,95847,96678
27319,95848,96645
27320,95850,96992
27321,95852,97148
27322,95858,97049
27323,95861,97156
27324,95862,97158
27325,95866,96761
27326,95867,97163
27327,95868,97384
27328,95871,97004
27329,95872,97244
27330,95873,97170
27331,95875,97057
27332,95876,96213
27333,95879,97058
27334,95880,97059
27335,95881,97196
27336,95883,97176
27337,95884,97177
27338,95887,96859
27339,95890,97182
27340,95891,96756
27341,95893,97184
27342,95894,97186
27343,95895,97290
27344,95896,97378
27345,95897,97214
27346,95899,97079
27347,95902,97198
27348,95903,96558
27349,95904,96875
27350,95905,96876
27351,95909,97335
27352,95910,97093
27353,95912,97382
27354,95915,97210
27355,95917,97338
27356,95918,97213
27357,95923,96896
27358,95924,97060
27359,95925,96354
27360,95926,97226
27361,95929,97227
27362,95931,97331
27363,95932,97228
27364,95933,96769
27365,95936,96670
27366,95940,96652
27367,95944,97144
27368,95946,97209
27369,95952,96580
27370,95953,97252
27371,95958,96468
27372,95960,97255
27373,95962,97257
27374,95968,97258
27375,95969,97264
27376,95970,96710
27377,95972,97253
27378,95973,96821
27379,95976,97262
27380,95977,97263
27381,95980,97265
27382,95981,96371
27383,95983,97251
27384,95985,97269
27385,95986,97266
27386,95988,97272
27387,95990,96705
27388,96000,96961
27389,96001,96995
27390,96002,97104
27391,96007,96741
27392,96010,97514
27393,96014,97500
27394,96016,96982
27395,96028,97426
27396,96034,96892
27397,96035,97309
27398,96036,96673
27399,96048,96994
27400,96051,97155
27401,96053,96915
27402,96058,96535
27403,96059,97009
27404,96060,97484
27405,96063,97330
27406,96065,97492
27407,96066,96964
27408,96068,96369
27409,96074,96385
27410,96080,97036
27411,96086,97372
27412,96094,96532
27413,96099,97377
27414,96101,97485
27415,96104,97366
27416,96105,96451
27417,96108,96653
27418,96109,97136
27419,96112,97216
27420,96120,97431
27421,96121,97433
27422,96125,96594
27423,96126,97477
27424,96128,97516
27425,96136,96607
27426,96138,97017
27427,96141,97393
27428,96151,97396
27429,96152,96974
27430,96156,97117
27431,96157,97193
27432,96159,97287
27433,96165,97405
27434,96180,97260
27435,96187,97208
27436,96190,97465
27437,96192,97466
27438,96193,96835
27439,96200,97162
27440,96202,97003
27441,96203,97164
27442,96206,97463
27443,96210,97428
27444,96220,97123
27445,96225,97491
27446,96226,97185
27447,96229,97455
27448,96243,97206
27449,96244,97274
27450,96247,97207
27451,96251,96578
27452,96253,97501
27453,96254,97502
27454,96257,97078
27455,96258,97449
27456,96259,97217
27457,96263,96997
27458,96267,96898
27459,96274,97409
27460,96279,96646
27461,96280,96597
27462,96283,96680
27463,96291,96873
27464,96293,96614
27465,96294,96587
27466,96309,97332
27467,96310,97053
27468,96312,97080
27469,96314,96549
27470,96330,97473
27471,96341,97533
27472,96343,96968
27473,96352,97212
27474,96358,96910
27475,96360,96935
27476,96368,97538
27477,96372,97285
27478,96381,97498
27479,96386,96900
27480,96398,96959
27481,96405,97468
27482,96411,96936
27483,96416,96667
27484,96420,97481
27485,96423,97268
27486,96444,97111
27487,96446,97237
27488,96448,97175
27489,96449,97130
27490,96452,97270
27491,96453,97109
27492,96462,97027
27493,96472,97084
27494,96474,97091
27495,96476,97085
27496,96485,97526
27497,96487,97124
27498,96501,97361
27499,96505,97141
27500,96518,97153
27501,96519,97295
27502,96525,97370
27503,96537,97204
27504,96542,97087
27505,96545,97180
27506,96570,97503
27507,96572,97385
27508,96592,97317
27509,96596,97088
27510,96644,97281
27511,96648,97563
27512,96687,97461
27513,96691,97297
27514,96694,97007
27515,96712,97339
27516,96719,96977
27517,96752,97090
27518,96793,97437
27519,96858,97543
27520,96955,97512
27521,97010,97436
27522,97178,97479
27523,96136,97275
27524,96081,97277
27525,96039,97278
27526,95420,97280
27527,95979,97286
27528,95588,97288
27529,94991,97289
27530,96992,97291
27531,96268,97292
27532,95018,97293
27533,94868,97294
27534,96583,97296
27535,95168,97298
27536,96119,97301
27537,94465,97307
27538,94886,97312
27539,94949,97320
27540,94912,97322
27541,97167,97324
27542,94866,97337
27543,95747,97349
27544,93636,97353
27545,96546,97369
27546,95769,97375
27547,96314,97376
27548,96269,97389
27549,95827,97401
27550,96183,97410
27551,95752,97423
27552,95109,97424
27553,96587,97457
27554,97261,97467
27555,96197,97478
27556,95271,97490
27557,96075,97511
27558,95996,97513
27559,97229,97518
27560,97101,97521
27561,95179,97523
27562,95524,97530
27563,96423,97540
27564,96440,97565
27565,94849,97566
27566,96609,97569
27567,94646,97592
27568,95397,97624
27569,96889,97640
27570,96443,97657
27571,95242,97670
27572,96014,97681
27573,96601,97686
27574,95121,97695
27575,96310,97698
27576,96144,97703
27577,97725,99073
27578,97734,102449
27579,97754,99849
27580,97763,98771
27581,97800,100568
27582,97855,100258
27583,97874,99169
27584,97903,99612
27585,97933,98728
27586,97937,99577
27587,97976,98719
27588,97986,100951
27589,98066,99247
27590,98071,99358
27591,98077,99181
27592,98085,98792
27593,98107,98927
27594,98135,99081
27595,98173,99601
27596,98199,99240
27597,98206,99040
27598,98209,99584
27599,98228,98801
27600,98256,99883
27601,98285,99497
27602,98292,98778
27603,98295,99884
27604,98322,100728
27605,98359,99965
27606,98365,98978
27607,98366,98657
27608,98388,102170
27609,98478,99059
27610,98482,102155
27611,98506,100683
27612,98516,101958
27613,98525,101524
27614,98533,99003
27615,98582,99136
27616,98584,99667
27617,98594,98793
27618,98610,101283
27619,98613,99260
27620,98625,99295
27621,98638,100890
27622,98647,101656
27623,98648,102525
27624,98660,101665
27625,98662,101778
27626,98667,102522
27627,98671,100115
27628,98672,100387
27629,98677,100651
27630,98701,102534
27631,98706,102537
27632,98715,101090
27633,98725,102542
27634,98740,99146
27635,98745,100058
27636,98770,101303
27637,98782,102382
27638,98809,99267
27639,98828,99218
27640,98833,99484
27641,98837,101279
27642,98852,100837
27643,98873,102395
27644,98881,102276
27645,98883,102283
27646,98884,102286
27647,98886,102319
27648,98887,102375
27649,98889,100759
27650,98891,101325
27651,98892,102352
27652,98893,102343
27653,98894,100356
27654,98895,102407
27655,98896,99941
27656,98897,100368
27657,98900,100369
27658,98901,102396
27659,98903,102401
27660,98907,99913
27661,98908,101167
27662,98912,99952
27663,98925,102289
27664,98938,102253
27665,98943,102220
27666,98944,102322
27667,98951,102254
27668,98962,101404
27669,98963,102224
27670,98972,102229
27671,98980,99918
27672,98982,99512
27673,98983,99942
27674,98985,100493
27675,98988,102236
27676,98990,100471
27677,98993,100492
27678,98996,100799
27679,99005,102249
27680,99012,101315
27681,99013,102206
27682,99016,101240
27683,99022,100747
27684,99027,100845
27685,99031,99251
27686,99075,100644
27687,99087,101546
27688,99093,99491
27689,99095,99540
27690,99096,101596
27691,99098,101360
27692,99152,101473
27693,99174,101636
27694,99183,100113
27695,99195,100159
27696,99213,102288
27697,99216,99419
27698,99225,101364
27699,99226,101078
27700,99230,102234
27701,99254,100878
27702,99265,100723
27703,99292,101362
27704,99312,100885
27705,99313,102323
27706,99315,101482
27707,99318,101852
27708,99356,102202
27709,99373,101622
27710,99376,102463
27711,99406,101621
27712,99407,100551
27713,99422,101618
27714,99466,102472
27715,99486,100542
27716,99495,101040
27717,99536,102301
27718,99545,102169
27719,99547,100599
27720,99555,100563
27721,99571,100091
27722,99605,101580
27723,99629,100978
27724,99632,100609
27725,99674,100289
27726,99676,101725
27727,99678,102204
27728,99686,101769
27729,99687,101567
27730,99694,100598
27731,99695,100408
27732,99697,101579
27733,99702,101215
27734,99705,101245
27735,99707,102351
27736,99711,102502
27737,99715,101359
27738,99716,101751
27739,99718,102373
27740,99727,101780
27741,99730,100580
27742,99732,101277
27743,99733,102519
27744,99734,102539
27745,99735,100326
27746,99736,102278
27747,99738,102550
27748,99739,101979
27749,99740,101070
27750,99742,102598
27751,99743,102299
27752,99744,100317
27753,99745,101720
27754,99746,101497
27755,99747,102308
27756,99748,101175
27757,99749,100060
27758,99750,101295
27759,99751,101062
27760,99752,102379
27761,99753,102327
27762,99756,100976
27763,99757,101061
27764,99758,101212
27765,99759,101726
27766,99760,101479
27767,99762,101088
27768,99763,100575
27769,99764,101423
27770,99765,100986
27771,99767,100987
27772,99768,100186
27773,99769,102637
27774,99770,101147
27775,99771,102223
27776,99772,101729
27777,99773,102548
27778,99774,101768
27779,99775,101258
27780,99776,101794
27781,99778,101263
27782,99779,101031
27783,99780,101152
27784,99781,101155
27785,99783,101058
27786,99787,102597
27787,99788,100071
27788,99789,100937
27789,99792,101756
27790,99793,102651
27791,99794,101837
27792,99795,102517
27793,99796,101331
27794,99797,102584
27795,99798,102535
27796,99800,101921
27797,99802,100639
27798,99803,101022
27799,99804,101848
27800,99805,101196
27801,99806,102520
27802,99807,102203
27803,99808,101341
27804,99809,101275
27805,99810,100968
27806,99811,101867
27807,99812,101840
27808,99813,102544
27809,99814,100540
27810,99815,101679
27811,99816,101204
27812,99817,101280
27813,99819,102306
27814,99820,101617
27815,99821,101869
27816,99823,102215
27817,99824,101547
27818,99828,100070
27819,99829,100236
27820,99830,101691
27821,99832,102321
27822,99833,102182
27823,99834,100970
27824,99835,102516
27825,99836,102214
27826,99842,102261
27827,99843,100532
27828,99845,102221
27829,99846,101400
27830,99847,101932
27831,99848,101633
27832,99851,101409
27833,99852,102345
27834,99853,100221
27835,99854,101688
27836,99856,101539
27837,99857,100984
27838,99859,101091
27839,99860,102632
27840,99863,101301
27841,99864,102696
27842,99866,100969
27843,99868,101435
27844,99869,101599
27845,99871,101942
27846,99872,102545
27847,99874,101537
27848,99875,102657
27849,99876,102239
27850,99877,101569
27851,99878,101045
27852,99882,100676
27853,99885,102518
27854,99886,102652
27855,99887,101905
27856,99889,101176
27857,99890,101449
27858,99891,101451
27859,99892,102196
27860,99894,100996
27861,99895,102146
27862,99896,101638
27863,99897,102664
27864,99898,101001
27865,99899,100964
27866,99900,100707
27867,99901,100771
27868,99902,101266
27869,99903,100973
27870,99904,101490
27871,99906,101515
27872,99907,101680
27873,99908,101355
27874,99911,101846
27875,99914,101460
27876,99915,101478
27877,99916,101564
27878,99917,101735
27879,99919,102421
27880,99920,102068
27881,99921,101790
27882,99922,102080
27883,99923,100934
27884,99926,102582
27885,99927,102634
27886,99928,101268
27887,99929,100642
27888,99931,100589
27889,99932,102583
27890,99934,101647
27891,99935,100760
27892,99937,101887
27893,99940,100669
27894,99943,100884
27895,99944,101308
27896,99946,102644
27897,99947,100807
27898,99949,100688
27899,99956,100932
27900,99960,101521
27901,99962,101527
27902,99964,100897
27903,99966,102140
27904,99972,101016
27905,99973,101466
27906,99974,101023
27907,99977,101545
27908,99979,101221
27909,99980,101101
27910,99981,101872
27911,99982,101043
27912,99984,100419
27913,99985,102074
27914,99987,101052
27915,99992,101243
27916,99993,102622
27917,99994,101997
27918,99997,102107
27919,99999,101084
27920,100000,101060
27921,100004,100437
27922,100006,100618
27923,100008,102384
27924,100009,101136
27925,100010,102370
27926,100011,101455
27927,100012,100954
27928,100015,101491
27929,100016,101968
27930,100017,102585
27931,100018,101340
27932,100020,100788
27933,100021,102246
27934,100022,101344
27935,100023,101350
27936,100024,101351
27937,100025,101798
27938,100026,102119
27939,100027,101571
27940,100028,102209
27941,100029,101385
27942,100030,101681
27943,100031,101376
27944,100032,102015
27945,100033,101307
27946,100035,102044
27947,100036,101881
27948,100037,100957
27949,100038,101410
27950,100040,102045
27951,100041,101730
27952,100043,101416
27953,100044,101419
27954,100045,101420
27955,100046,101421
27956,100047,101719
27957,100048,101302
27958,100049,101297
27959,100051,102003
27960,100052,101106
27961,100053,101434
27962,100054,100989
27963,100055,101440
27964,100056,101445
27965,100057,101486
27966,100059,101261
27967,100061,101427
27968,100062,102095
27969,100063,101782
27970,100064,101459
27971,100065,101737
27972,100066,102132
27973,100067,101917
27974,100068,101463
27975,100069,101405
27976,100072,101475
27977,100073,101476
27978,100074,100557
27979,100075,102266
27980,100076,102067
27981,100077,101529
27982,100078,102267
27983,100079,101402
27984,100080,101465
27985,100081,101770
27986,100083,101333
27987,100084,102201
27988,100085,100891
27989,100087,101953
27990,100088,102150
27991,100089,101270
27992,100092,101516
27993,100093,101536
27994,100094,101272
27995,100095,101940
27996,100096,102191
27997,100097,101193
27998,100098,101453
27999,100100,101842
28000,100101,101316
28001,100102,101494
28002,100103,101335
28003,100105,101038
28004,100106,101299
28005,100107,100906
28006,100108,100907
28007,100112,102137
28008,100114,101914
28009,100116,102160
28010,100119,101606
28011,100120,101871
28012,100121,101923
28013,100122,102349
28014,100124,101500
28015,100126,102205
28016,100127,101462
28017,100128,101374
28018,100129,101874
28019,100130,101207
28020,100131,102030
28021,100132,101285
28022,100133,101286
28023,100134,101377
28024,100135,101926
28025,100136,100893
28026,100137,101448
28027,100138,100739
28028,100140,101927
28029,100141,102281
28030,100142,101530
28031,100143,100916
28032,100144,101372
28033,100146,101289
28034,100147,102245
28035,100148,101415
28036,100151,101796
28037,100152,102138
28038,100153,102105
28039,100154,102024
28040,100157,101432
28041,100158,101614
28042,100162,101886
28043,100163,102244
28044,100164,101615
28045,100165,102332
28046,100166,101127
28047,100167,101298
28048,100169,101509
28049,100171,102462
28050,100172,101938
28051,100174,101510
28052,100175,101560
28053,100176,101304
28054,100178,102235
28055,100179,102065
28056,100180,101369
28057,100181,102066
28058,100183,101511
28059,100184,101582
28060,100185,102703
28061,100189,101356
28062,100190,101443
28063,100191,101271
28064,100192,102650
28065,100193,101309
28066,100194,101383
28067,100195,101310
28068,100196,100764
28069,100198,100629
28070,100199,101314
28071,100200,102226
28072,100201,101913
28073,100202,101513
28074,100203,101296
28075,100204,102197
28076,100206,101948
28077,100207,101600
28078,100210,101318
28079,100211,102149
28080,100212,101861
28081,100213,102200
28082,100214,102483
28083,100215,101284
28084,100216,101007
28085,100217,101069
28086,100218,101811
28087,100220,101408
28088,100222,101306
28089,100223,101626
28090,100225,101821
28091,100226,102233
28092,100227,100561
28093,100229,101489
28094,100230,101501
28095,100231,101708
28096,100232,101425
28097,100233,101173
28098,100239,101422
28099,100240,101488
28100,100245,101503
28101,100246,101457
28102,100247,101566
28103,100248,102279
28104,100249,102495
28105,100250,101553
28106,100251,101667
28107,100252,102690
28108,100254,101197
28109,100257,101368
28110,100260,102219
28111,100261,102693
28112,100263,102336
28113,100265,100888
28114,100266,101724
28115,100268,101662
28116,100269,101532
28117,100270,102515
28118,100271,101650
28119,100272,102406
28120,100273,101605
28121,100274,100919
28122,100275,101534
28123,100277,100928
28124,100278,101674
28125,100279,101675
28126,100280,101838
28127,100281,100912
28128,100283,102679
28129,100284,101388
28130,100287,101693
28131,100288,102029
28132,100290,102496
28133,100291,101538
28134,100295,102037
28135,100296,102340
28136,100297,101559
28137,100300,101888
28138,100301,100935
28139,100302,102187
28140,100303,101773
28141,100304,102371
28142,100308,102192
28143,100309,102705
28144,100311,101208
28145,100312,102410
28146,100313,101549
28147,100315,101454
28148,100316,102425
28149,100318,101146
28150,100319,102397
28151,100320,102709
28152,100321,101413
28153,100322,102444
28154,100323,100715
28155,100324,101663
28156,100325,102273
28157,100327,101587
28158,100328,102447
28159,100329,101779
28160,100331,101661
28161,100332,100876
28162,100334,101608
28163,100335,102038
28164,100336,101686
28165,100338,102106
28166,100339,102488
28167,100340,102454
28168,100341,101611
28169,100342,100998
28170,100343,101182
28171,100344,102414
28172,100345,101677
28173,100346,101612
28174,100347,101717
28175,100348,101616
28176,100349,101754
28177,100350,101723
28178,100351,102348
28179,100353,101698
28180,100354,101673
28181,100355,102540
28182,100357,100988
28183,100359,100727
28184,100361,102141
28185,100363,101822
28186,100365,101757
28187,100366,101609
28188,100367,102143
28189,100370,102547
28190,100373,102551
28191,100374,101774
28192,100375,101625
28193,100376,101640
28194,100377,102098
28195,100378,102666
28196,100379,101788
28197,100380,101692
28198,100381,101687
28199,100382,102416
28200,100383,101471
28201,100384,101652
28202,100385,101370
28203,100386,101789
28204,100388,101585
28205,100389,101655
28206,100390,102304
28207,100392,101657
28208,100393,101670
28209,100394,101447
28210,100395,101589
28211,100396,101338
28212,100397,101024
28213,100398,101592
28214,100399,101860
28215,100400,102285
28216,100401,101607
28217,100402,101922
28218,100403,101666
28219,100404,102185
28220,100405,101595
28221,100406,101808
28222,100407,100717
28223,100409,101597
28224,100410,101041
28225,100411,101727
28226,100413,101198
28227,100415,101682
28228,100417,101702
28229,100418,102686
28230,100420,102290
28231,100421,101047
28232,100424,102093
28233,100425,101814
28234,100426,101766
28235,100427,101690
28236,100428,102316
28237,100429,102659
28238,100430,101598
28239,100431,101613
28240,100433,101697
28241,100434,101646
28242,100435,101180
28243,100438,101721
28244,100440,101807
28245,100441,101291
28246,100442,101132
28247,100445,102330
28248,100446,101244
28249,100448,101924
28250,100449,101699
28251,100450,101684
28252,100451,101653
28253,100452,102341
28254,100453,101619
28255,100454,101722
28256,100456,101387
28257,100457,101885
28258,100458,101620
28259,100460,100931
28260,100461,101933
28261,100462,101703
28262,100463,101731
28263,100464,101624
28264,100465,101635
28265,100466,101889
28266,100467,101738
28267,100468,101098
28268,100469,101627
28269,100470,100667
28270,100472,101630
28271,100473,101742
28272,100474,102743
28273,100475,101745
28274,100476,101851
28275,100477,101830
28276,100478,101629
28277,100479,101832
28278,100480,101429
28279,100484,101654
28280,100486,101833
28281,100487,101586
28282,100488,101758
28283,100490,101896
28284,100497,101130
28285,100498,101131
28286,100499,101552
28287,100500,101904
28288,100502,101777
28289,100503,101138
28290,100504,101907
28291,100505,101801
28292,100508,102658
28293,100509,102394
28294,100510,101733
28295,100512,101121
28296,100513,101803
28297,100515,102398
28298,100516,101781
28299,100517,101783
28300,100518,101785
28301,100519,101764
28302,100520,101786
28303,100521,102669
28304,100522,102402
28305,100523,101642
28306,100524,102404
28307,100525,100708
28308,100526,101651
28309,100528,101870
28310,100529,102694
28311,100530,101706
28312,100531,101715
28313,100533,101399
28314,100535,101639
28315,100536,101784
28316,100537,101951
28317,100539,101806
28318,100543,101809
28319,100544,101759
28320,100545,101689
28321,100546,101815
28322,100547,101232
28323,100548,101664
28324,100549,101817
28325,100550,101707
28326,100552,101824
28327,100553,101825
28328,100554,101810
28329,100555,101827
28330,100556,101828
28331,100558,101829
28332,100559,101746
28333,100560,101736
28334,100562,101755
28335,100564,102704
28336,100565,101800
28337,100566,101963
28338,100570,100908
28339,100571,102468
28340,100572,102423
28341,100573,102446
28342,100574,102041
28343,100577,101802
28344,100578,101853
28345,100579,102448
28346,100581,101854
28347,100582,102510
28348,100583,102687
28349,100584,101375
28350,100585,102061
28351,100587,102676
28352,100588,101672
28353,100592,101115
28354,100593,101868
28355,100595,101418
28356,100597,102009
28357,100600,102171
28358,100601,102453
28359,100602,102685
28360,100603,101858
28361,100604,101865
28362,100606,101584
28363,100607,101934
28364,100608,102178
28365,100610,101882
28366,100612,101562
28367,100613,102692
28368,100615,101205
28369,100616,102163
28370,100621,102166
28371,100625,101890
28372,100627,102082
28373,100628,101908
28374,100631,102442
28375,100633,101915
28376,100634,101916
28377,100635,101920
28378,100636,101966
28379,100640,101588
28380,100641,102280
28381,100643,101862
28382,100646,102380
28383,100650,101604
28384,100652,102318
28385,100653,101936
28386,100655,101929
28387,100656,101710
28388,100657,102263
28389,100659,101396
28390,100660,101163
28391,100661,102342
28392,100662,101293
28393,100663,102240
28394,100664,102225
28395,100665,101937
28396,100666,101893
28397,100668,101628
28398,100670,101941
28399,100673,101943
28400,100674,101631
28401,100675,101899
28402,100677,102079
28403,100678,102497
28404,100679,102131
28405,100680,102083
28406,100681,102248
28407,100682,101502
28408,100684,101925
28409,100685,101313
28410,100686,101967
28411,100687,101493
28412,100689,101603
28413,100690,102114
28414,100692,101823
28415,100693,101002
28416,100694,102213
28417,100695,101959
28418,100696,101826
28419,100697,102228
28420,100700,101591
28421,100701,102100
28422,100702,101965
28423,100703,101949
28424,100704,101969
28425,100705,101855
28426,100709,101216
28427,100710,101859
28428,100711,102134
28429,100713,102027
28430,100714,101792
28431,100718,101866
28432,100719,101352
28433,100720,101989
28434,100721,101678
28435,100724,101718
28436,100726,101998
28437,100730,101541
28438,100731,102014
28439,100732,101983
28440,100733,102260
28441,100734,101561
28442,100735,101213
28443,100737,102184
28444,100738,102013
28445,100740,102615
28446,100742,102490
28447,100743,102020
28448,100744,102019
28449,100745,101233
28450,100748,101875
28451,100752,101880
28452,100753,102032
28453,100754,102033
28454,100755,102222
28455,100756,100975
28456,100757,102035
28457,100758,102036
28458,100761,102097
28459,100762,102162
28460,100763,102344
28461,100765,102056
28462,100767,102047
28463,100769,102333
28464,100770,101849
28465,100772,101850
28466,100773,102052
28467,100774,101424
28468,100777,101741
28469,100779,101469
28470,100780,102058
28471,100781,101336
28472,100782,102060
28473,100783,101748
28474,100784,102062
28475,100787,101964
28476,100789,102422
28477,100791,101327
28478,100792,102111
28479,100794,101761
28480,100795,101437
28481,100796,102381
28482,100797,101732
28483,100798,102085
28484,100801,101235
28485,100802,102649
28486,100803,101442
28487,100804,101903
28488,100805,101945
28489,100806,102081
28490,100808,101771
28491,100809,102142
28492,100810,101947
28493,100811,102084
28494,100812,102190
28495,100813,101765
28496,100815,102144
28497,100816,101950
28498,100817,101919
28499,100818,101864
28500,100819,101219
28501,100820,102250
28502,100821,101918
28503,100822,102199
28504,100824,102039
28505,100825,101791
28506,100827,101542
28507,100829,101775
28508,100831,102440
28509,100832,102350
28510,100834,101695
28511,100838,102153
28512,100841,101793
28513,100842,101159
28514,100843,102265
28515,100848,102511
28516,100850,102251
28517,100852,102115
28518,100853,102116
28519,100854,101601
28520,100855,102130
28521,100856,102117
28522,100857,101658
28523,100859,102120
28524,100860,101281
28525,100861,102121
28526,100862,102167
28527,100864,102118
28528,100865,102145
28529,100866,102123
28530,100867,102125
28531,100868,102133
28532,100869,102501
28533,100870,102124
28534,100871,102128
28535,100872,102126
28536,100873,101032
28537,100874,102195
28538,100875,102148
28539,100877,102355
28540,100880,102292
28541,100889,102366
28542,100899,101716
28543,100900,101857
28544,100902,101518
28545,100903,102284
28546,100905,102154
28547,100910,102212
28548,100911,102165
28549,100913,102411
28550,100914,102325
28551,100917,102151
28552,100918,102175
28553,100920,102383
28554,100921,102707
28555,100923,101557
28556,100925,102532
28557,100927,102180
28558,100929,101558
28559,100930,101884
28560,100938,102188
28561,100939,102368
28562,100940,102698
28563,100941,102189
28564,100942,101548
28565,100945,101835
28566,100946,101873
28567,100948,101906
28568,100949,102390
28569,100950,102391
28570,100952,102464
28571,100953,101911
28572,100955,102403
28573,100956,102247
28574,100959,102252
28575,100960,101366
28576,100961,102297
28577,100962,102386
28578,100965,102302
28579,100966,102211
28580,100974,101931
28581,100979,102623
28582,100980,102347
28583,100982,102227
28584,100985,102359
28585,100990,102208
28586,100991,102238
28587,100992,102000
28588,100993,101634
28589,100995,102243
28590,100999,101057
28591,101000,101581
28592,101003,101982
28593,101004,101984
28594,101006,102625
28595,101008,102006
28596,101009,101987
28597,101011,102475
28598,101013,102491
28599,101014,102268
28600,101015,102269
28601,101017,102270
28602,101018,102271
28603,101020,101834
28604,101025,101954
28605,101026,102480
28606,101028,102400
28607,101030,102346
28608,101034,102287
28609,101035,102291
28610,101037,101955
28611,101039,102210
28612,101044,101878
28613,101049,102429
28614,101050,102313
28615,101051,102314
28616,101053,102315
28617,101054,102156
28618,101055,102262
28619,101056,102487
28620,101059,101550
28621,101064,101700
28622,101065,101847
28623,101066,102329
28624,101068,102021
28625,101075,101701
28626,101077,102338
28627,101079,102317
28628,101080,101696
28629,101081,102538
28630,101085,101892
28631,101086,102369
28632,101087,102417
28633,101092,102418
28634,101093,102230
28635,101094,101960
28636,101095,101879
28637,101096,102231
28638,101097,101957
28639,101100,102326
28640,101102,101891
28641,101103,101481
28642,101104,101939
28643,101105,102363
28644,101107,102303
28645,101108,102435
28646,101109,102436
28647,101110,102392
28648,101113,101753
28649,101114,102374
28650,101118,101795
28651,101119,102437
28652,101120,102378
28653,101122,102393
28654,101124,101762
28655,101125,102353
28656,101126,102364
28657,101128,101763
28658,101133,102242
28659,101134,102207
28660,101135,102424
28661,101137,102389
28662,101139,102460
28663,101140,102272
28664,101141,102470
28665,101142,101507
28666,101143,102086
28667,101150,102309
28668,101151,102099
28669,101153,101578
28670,101154,101812
28671,101157,102275
28672,101160,102531
28673,101161,102011
28674,101162,102218
28675,101164,102663
28676,101165,102461
28677,101169,101787
28678,101170,102426
28679,101171,102427
28680,101172,102441
28681,101174,102294
28682,101177,102433
28683,101178,102430
28684,101179,102431
28685,101181,101819
28686,101183,102367
28687,101184,102337
28688,101186,102434
28689,101187,102428
28690,101188,102365
28691,101189,102358
28692,101190,101326
28693,101192,102312
28694,101201,102624
28695,101202,101477
28696,101203,101797
28697,101206,102053
28698,101209,102509
28699,101214,102587
28700,101217,102592
28701,101224,102627
28702,101227,102484
28703,101228,102147
28704,101230,102604
28705,101231,102311
28706,101236,101883
28707,101241,102494
28708,101246,102183
28709,101250,102504
28710,101251,102580
28711,101252,102505
28712,101253,102506
28713,101255,102070
28714,101256,102026
28715,101259,102656
28716,101262,102090
28717,101274,102232
28718,101287,102530
28719,101292,101930
28720,101300,102443
28721,101311,102439
28722,101319,102590
28723,101320,102633
28724,101321,102596
28725,101323,102259
28726,101324,101816
28727,101329,102671
28728,101334,102458
28729,101339,102556
28730,101346,102571
28731,101349,102559
28732,101358,102102
28733,101361,102307
28734,101363,102161
28735,101382,102639
28736,101386,102607
28737,101395,102356
28738,101398,102179
28739,101403,102339
28740,101411,102626
28741,101414,102628
28742,101426,102362
28743,101428,102646
28744,101430,102640
28745,101431,102642
28746,101444,102193
28747,101450,102648
28748,101452,101831
28749,101461,101844
28750,101464,102579
28751,101470,102388
28752,101474,102136
28753,101487,102546
28754,101514,102399
28755,101517,102611
28756,101525,102723
28757,101528,101961
28758,101533,102334
28759,101540,101841
28760,101593,102094
28761,101594,102527
28762,101643,102282
28763,101644,102298
28764,101645,102295
28765,101649,102405
28766,101659,102296
28767,101660,102256
28768,101668,102257
28769,101671,102258
28770,101683,102420
28771,101694,102415
28772,101711,102492
28773,101714,102620
28774,101734,102264
28775,101739,102360
28776,101747,102616
28777,101767,102387
28778,101845,102452
28779,101877,102774
28780,101944,102216
28781,101946,102438
28782,102202,102445
28783,101808,102450
28784,99783,102451
28785,100865,102455
28786,98951,102456
28787,102240,102459
28788,99771,102465
28789,100676,102467
28790,100806,102469
28791,101314,102471
28792,100520,102473
28793,100821,102474
28794,101213,102476
28795,100530,102477
28796,100069,102479
28797,101538,102481
28798,99821,102485
28799,102107,102498
28800,100040,102499
28801,101682,102524
28802,100047,102536
28803,100987,102541
28804,98895,102543
28805,101383,102549
28806,100342,102552
28807,101859,102591
28808,100338,102610
28809,101188,102636
28810,101822,102641
28811,99778,102661
28812,100377,102665
28813,102389,102668
28814,100581,102672
28815,100709,102675
28816,101104,102688
28817,99896,102699
28818,102128,102700
28819,100656,102701
28820,100178,102702
28821,101618,102714
28822,100425,102716
28823,101481,102717
28824,100331,102719
28825,99705,102781
28826,100950,102798
28827,101789,102810
28828,102330,102824
28829,102225,102830
28830,101259,102844
28831,100038,102849
28832,100608,102857
28833,102410,102865
28834,101662,102866
28835,102912,104435
28836,102955,103982
28837,102965,104899
28838,103003,104457
28839,103030,106575
28840,103054,104504
28841,103088,104557
28842,103118,103958
28843,103137,103762
28844,103142,106224
28845,103147,104560
28846,103154,103737
28847,103163,103709
28848,103202,104177
28849,103207,103836
28850,103225,106444
28851,103293,103633
28852,103298,104129
28853,103299,106398
28854,103421,104082
28855,103465,104536
28856,103603,105319
28857,103652,105095
28858,103678,104737
28859,103743,106344
28860,103751,107589
28861,103769,107434
28862,103783,107468
28863,103797,107460
28864,103808,106174
28865,103843,106416
28866,103849,106690
28867,103859,106430
28868,103865,107505
28869,103866,107508
28870,103867,106193
28871,103868,106209
28872,103870,107763
28873,103871,107598
28874,103872,106265
28875,103874,107542
28876,103875,107545
28877,103876,107129
28878,103878,107602
28879,103879,107553
28880,103880,107554
28881,103881,107566
28882,103883,107510
28883,103884,105586
28884,103886,107540
28885,103887,106469
28886,103889,105152
28887,103893,107617
28888,103896,107631
28889,103897,107627
28890,103900,107524
28891,103901,105469
28892,103903,105043
28893,103904,106550
28894,103911,106159
28895,103913,107424
28896,103915,107425
28897,103916,107759
28898,103921,107429
28899,103923,105805
28900,103926,106113
28901,103932,107472
28902,103933,106131
28903,103934,106110
28904,103937,106144
28905,103938,107056
28906,103940,106874
28907,103945,106546
28908,103948,107492
28909,103952,107445
28910,103953,107599
28911,103957,106392
28912,103962,106070
28913,103964,104771
28914,103969,107443
28915,103972,107455
28916,103973,107772
28917,103974,107457
28918,103976,107775
28919,103979,104188
28920,103987,107462
28921,103991,106261
28922,103994,105585
28923,103995,106353
28924,104005,105948
28925,104009,107471
28926,104016,106631
28927,104017,106358
28928,104019,107541
28929,104021,107781
28930,104026,107484
28931,104027,107485
28932,104031,105011
28933,104040,105050
28934,104044,106991
28935,104046,106657
28936,104052,105686
28937,104072,104513
28938,104077,105497
28939,104116,104299
28940,104121,104490
28941,104126,106818
28942,104148,107682
28943,104149,106056
28944,104159,106053
28945,104198,107479
28946,104240,104464
28947,104269,107487
28948,104274,106820
28949,104277,106781
28950,104337,106539
28951,104350,106584
28952,104355,106618
28953,104357,105777
28954,104359,106637
28955,104371,106623
28956,104376,106772
28957,104437,106130
28958,104445,106813
28959,104537,106801
28960,104568,105704
28961,104581,107372
28962,104584,107438
28963,104598,104776
28964,104654,105675
28965,104659,105660
28966,104664,106119
28967,104669,105665
28968,104670,106250
28969,104710,105735
28970,104711,106522
28971,104723,106249
28972,104764,106646
28973,104800,106317
28974,104801,106194
28975,104804,106840
28976,104808,106052
28977,104810,106034
28978,104811,105750
28979,104818,106731
28980,104820,106218
28981,104826,106405
28982,104827,106914
28983,104828,106239
28984,104831,106746
28985,104833,106271
28986,104834,107691
28987,104848,106285
28988,104850,107661
28989,104852,106576
28990,104853,106712
28991,104854,106869
28992,104855,105345
28993,104857,105617
28994,104858,106943
28995,104860,106957
28996,104861,106204
28997,104863,107784
28998,104865,107761
28999,104869,106141
29000,104870,106124
29001,104872,107887
29002,104873,107024
29003,104876,106534
29004,104877,106136
29005,104878,106256
29006,104879,107874
29007,104880,106653
29008,104887,107906
29009,104888,107788
29010,104889,107789
29011,104892,106156
29012,104894,107756
29013,104895,107767
29014,104896,107757
29015,104898,107135
29016,104901,106357
29017,104902,106181
29018,104903,105206
29019,104905,107028
29020,104906,106161
29021,104907,106337
29022,104911,106112
29023,104912,106521
29024,104914,106203
29025,104915,107105
29026,104916,105407
29027,104917,106207
29028,104918,106165
29029,104919,107144
29030,104922,106191
29031,104923,107381
29032,104924,105395
29033,104925,106048
29034,104926,106242
29035,104927,107516
29036,104928,106395
29037,104934,106342
29038,104937,106276
29039,104938,107003
29040,104943,105758
29041,104944,106588
29042,104948,107266
29043,104949,106571
29044,104950,106235
29045,104951,107146
29046,104953,106910
29047,104954,106244
29048,104955,106432
29049,104956,106974
29050,104961,107777
29051,104964,106595
29052,104967,107464
29053,104968,106603
29054,104969,106167
29055,104970,107787
29056,104972,107815
29057,104974,106290
29058,104975,106524
29059,104976,106208
29060,104977,106293
29061,104979,105740
29062,104980,107123
29063,104982,107905
29064,104984,107119
29065,104985,106625
29066,104986,106581
29067,104988,106629
29068,104991,106635
29069,104992,106155
29070,104993,107153
29071,104994,105819
29072,104996,107916
29073,104997,106485
29074,104999,106101
29075,105000,106102
29076,105001,106560
29077,105002,106662
29078,105003,106160
29079,105006,107825
29080,105007,107404
29081,105008,107522
29082,105009,106448
29083,105010,105549
29084,105012,107770
29085,105016,105417
29086,105018,107910
29087,105020,106466
29088,105021,106688
29089,105022,106356
29090,105023,107824
29091,105024,107783
29092,105025,107908
29093,105026,107822
29094,105028,106035
29095,105029,106180
29096,105030,106508
29097,105031,106188
29098,105032,107762
29099,105033,106324
29100,105035,106122
29101,105036,107851
29102,105037,106330
29103,105038,106125
29104,105041,106600
29105,105042,106316
29106,105046,107453
29107,105049,106137
29108,105051,105559
29109,105054,107397
29110,105055,107878
29111,105056,106677
29112,105057,106687
29113,105058,107579
29114,105061,106289
29115,105063,106132
29116,105064,106118
29117,105066,107340
29118,105067,107413
29119,105068,107903
29120,105069,106821
29121,105070,106427
29122,105071,106695
29123,105072,106450
29124,105073,105830
29125,105075,106217
29126,105087,105989
29127,105089,106645
29128,105092,106748
29129,105101,106732
29130,105104,106757
29131,105105,106408
29132,105106,107530
29133,105109,106728
29134,105110,106877
29135,105111,106080
29136,105112,105861
29137,105113,106068
29138,105118,106411
29139,105120,107058
29140,105122,105698
29141,105123,107581
29142,105124,106059
29143,105128,106759
29144,105130,106768
29145,105131,106251
29146,105133,106435
29147,105134,106501
29148,105135,106502
29149,105136,106503
29150,105137,107170
29151,105138,107191
29152,105139,106475
29153,105140,106382
29154,105141,106509
29155,105142,106514
29156,105143,106516
29157,105144,106678
29158,105145,106586
29159,105146,106109
29160,105147,107666
29161,105148,106520
29162,105149,106515
29163,105150,106554
29164,105151,106880
29165,105153,107297
29166,105154,106545
29167,105155,106561
29168,105156,106380
29169,105158,106899
29170,105159,106900
29171,105160,106572
29172,105161,106574
29173,105162,107237
29174,105163,106409
29175,105164,106577
29176,105165,106582
29177,105166,107325
29178,105167,106552
29179,105168,106933
29180,105169,106636
29181,105170,106936
29182,105171,106452
29183,105172,106604
29184,105173,107274
29185,105174,106614
29186,105175,106621
29187,105176,106630
29188,105178,106529
29189,105179,107296
29190,105180,106661
29191,105181,106973
29192,105182,106440
29193,105184,106642
29194,105186,106325
29195,105187,105563
29196,105188,106566
29197,105189,106348
29198,105190,106494
29199,105191,106558
29200,105193,106602
29201,105194,106596
29202,105195,106605
29203,105196,106640
29204,105197,106499
29205,105198,106500
29206,105199,106433
29207,105200,106434
29208,105201,107423
29209,105202,106506
29210,105203,107926
29211,105204,106616
29212,105205,106490
29213,105207,107048
29214,105209,106437
29215,105210,106719
29216,105211,106438
29217,105212,106780
29218,105213,106541
29219,105214,105872
29220,105216,106442
29221,105217,107118
29222,105218,106523
29223,105220,106724
29224,105221,106443
29225,105222,107050
29226,105223,106057
29227,105224,107683
29228,105225,106206
29229,105226,106533
29230,105227,106447
29231,105228,106691
29232,105229,106689
29233,105232,106876
29234,105233,106255
29235,105235,106453
29236,105236,106611
29237,105238,105880
29238,105239,106547
29239,105241,106987
29240,105242,106647
29241,105243,106455
29242,105244,106553
29243,105245,106883
29244,105246,107042
29245,105248,106888
29246,105249,106477
29247,105250,106890
29248,105252,106489
29249,105254,107387
29250,105255,106650
29251,105259,107230
29252,105260,107044
29253,105262,106569
29254,105263,106793
29255,105264,106802
29256,105265,106457
29257,105267,106498
29258,105268,106795
29259,105269,107454
29260,105270,106462
29261,105271,107948
29262,105272,106578
29263,105273,106898
29264,105274,106459
29265,105275,106743
29266,105276,105924
29267,105278,107459
29268,105280,105993
29269,105283,106294
29270,105284,106464
29271,105285,106479
29272,105286,106591
29273,105287,106784
29274,105288,106593
29275,105289,106808
29276,105290,106931
29277,105291,107528
29278,105292,106809
29279,105294,106456
29280,105295,106210
29281,105296,106762
29282,105297,105940
29283,105300,105721
29284,105301,106612
29285,105303,107697
29286,105305,106711
29287,105306,106755
29288,105308,106295
29289,105309,106617
29290,105310,106091
29291,105312,106478
29292,105313,107473
29293,105314,106624
29294,105315,107115
29295,105318,106481
29296,105320,107416
29297,105321,106308
29298,105322,107106
29299,105323,106858
29300,105324,107121
29301,105325,107478
29302,105326,106474
29303,105327,106975
29304,105328,106641
29305,105329,106487
29306,105331,106649
29307,105332,106633
29308,105333,106510
29309,105334,107436
29310,105335,106318
29311,105336,106493
29312,105337,106676
29313,105338,107646
29314,105339,106680
29315,105340,107315
29316,105341,106925
29317,105342,107034
29318,105344,106042
29319,105346,106470
29320,105347,106812
29321,105348,106473
29322,105349,105803
29323,105350,107444
29324,105351,106426
29325,105352,107923
29326,105354,106826
29327,105355,106979
29328,105356,106663
29329,105357,106665
29330,105358,106788
29331,105361,107004
29332,105368,106537
29333,105370,106664
29334,105371,106675
29335,105372,107010
29336,105373,106803
29337,105376,107282
29338,105377,107020
29339,105378,106606
29340,105379,105824
29341,105380,107019
29342,105382,107555
29343,105383,105860
29344,105384,107421
29345,105385,106850
29346,105386,107523
29347,105388,107750
29348,105389,106884
29349,105390,107219
29350,105391,106741
29351,105392,106135
29352,105393,107564
29353,105394,106253
29354,105398,107099
29355,105399,106667
29356,105400,106716
29357,105402,106963
29358,105403,106863
29359,105404,106865
29360,105405,107667
29361,105411,107113
29362,105413,106951
29363,105414,106739
29364,105415,106729
29365,105416,106096
29366,105418,106988
29367,105419,107732
29368,105420,106220
29369,105421,107428
29370,105423,106722
29371,105426,106229
29372,105427,106328
29373,105428,107727
29374,105429,107166
29375,105430,107232
29376,105431,106713
29377,105432,106736
29378,105433,107287
29379,105434,106710
29380,105435,107461
29381,105437,107273
29382,105438,107582
29383,105440,107889
29384,105441,107741
29385,105442,107360
29386,105443,107654
29387,105445,106754
29388,105447,106843
29389,105448,107385
29390,105450,106965
29391,105452,107382
29392,105453,106765
29393,105455,107603
29394,105456,106660
29395,105458,106939
29396,105459,107501
29397,105460,107611
29398,105461,106990
29399,105462,106329
29400,105463,106969
29401,105464,107422
29402,105465,107433
29403,105466,107435
29404,105468,106870
29405,105470,107526
29406,105471,106626
29407,105472,107440
29408,105473,107234
29409,105474,106986
29410,105475,106351
29411,105476,106787
29412,105477,107726
29413,105478,106935
29414,105479,107704
29415,105480,106901
29416,105481,106458
29417,105482,106905
29418,105483,107196
29419,105484,106946
29420,105485,107865
29421,105486,105895
29422,105487,106583
29423,105488,107648
29424,105489,106248
29425,105490,106921
29426,105491,106807
29427,105492,107736
29428,105494,106597
29429,105495,107477
29430,105496,106926
29431,105498,107596
29432,105499,106956
29433,105500,107604
29434,105501,106864
29435,105502,106923
29436,105503,106839
29437,105504,106981
29438,105505,106306
29439,105506,107621
29440,105507,106638
29441,105508,106972
29442,105509,106922
29443,105510,106857
29444,105511,106980
29445,105513,106563
29446,105514,106896
29447,105515,106950
29448,105516,106978
29449,105517,105844
29450,105518,107635
29451,105519,106837
29452,105520,106903
29453,105521,106838
29454,105522,106771
29455,105524,107678
29456,105525,106953
29457,105526,107250
29458,105527,107001
29459,105528,106861
29460,105529,106845
29461,105531,107636
29462,105532,106828
29463,105533,107369
29464,105535,106786
29465,105536,106439
29466,105537,107620
29467,105539,107513
29468,105540,105877
29469,105541,107519
29470,105542,107838
29471,105546,106794
29472,105547,106779
29473,105548,107011
29474,105551,106902
29475,105554,106061
29476,105555,106555
29477,105556,106756
29478,105557,106875
29479,105558,106934
29480,105560,106849
29481,105561,106970
29482,105562,107127
29483,105564,106882
29484,105565,107002
29485,105566,106221
29486,105567,106906
29487,105568,106841
29488,105569,107362
29489,105570,107517
29490,105571,106562
29491,105572,107765
29492,105574,106834
29493,105575,106891
29494,105576,107308
29495,105580,107450
29496,105581,107642
29497,105582,107643
29498,105584,106570
29499,105587,106798
29500,105588,106907
29501,105589,106908
29502,105590,107543
29503,105591,107439
29504,105593,107030
29505,105594,107087
29506,105595,106868
29507,105596,106995
29508,105598,107052
29509,105599,106916
29510,105600,106079
29511,105601,106414
29512,105602,106804
29513,105603,106805
29514,105605,107572
29515,105606,107588
29516,105607,106928
29517,105608,107182
29518,105609,107400
29519,105610,107298
29520,105612,107583
29521,105613,106791
29522,105614,107586
29523,105615,106940
29524,105616,106412
29525,105621,106945
29526,105622,106810
29527,105625,107469
29528,105626,106851
29529,105629,107092
29530,105630,107786
29531,105631,106796
29532,105632,107412
29533,105633,106817
29534,105634,107377
29535,105636,106424
29536,105637,106819
29537,105639,107402
29538,105640,106962
29539,105641,107612
29540,105642,107114
29541,105643,106770
29542,105644,106964
29543,105645,107102
29544,105646,106846
29545,105648,106920
29546,105649,106998
29547,105650,106182
29548,105652,107390
29549,105653,107953
29550,105654,106824
29551,105655,106825
29552,105656,107155
29553,105657,107660
29554,105658,106827
29555,105659,106776
29556,105661,106103
29557,105662,107630
29558,105663,106860
29559,105666,107007
29560,105667,107717
29561,105668,105988
29562,105669,107013
29563,105670,107247
29564,105671,107321
29565,105672,107143
29566,105673,106930
29567,105674,107262
29568,105679,107000
29569,105680,107047
29570,105681,107091
29571,105682,106913
29572,105683,107290
29573,105684,107016
29574,105685,106844
29575,105687,107006
29576,105688,107026
29577,105689,107021
29578,105691,107546
29579,105692,107134
29580,105693,107655
29581,105694,107014
29582,105695,107012
29583,105697,107009
29584,105699,106889
29585,105700,107015
29586,105702,107043
29587,105705,107753
29588,105706,107828
29589,105707,107184
29590,105708,107032
29591,105709,106390
29592,105712,107314
29593,105714,106038
29594,105715,107915
29595,105716,107771
29596,105718,107714
29597,105719,107755
29598,105720,106461
29599,105722,106952
29600,105724,107710
29601,105725,107364
29602,105726,107498
29603,105727,107309
29604,105729,107066
29605,105730,107768
29606,105732,107005
29607,105733,107068
29608,105736,106866
29609,105739,106769
29610,105744,106738
29611,105748,107055
29612,105751,106234
29613,105752,107060
29614,105753,107391
29615,105754,107029
29616,105756,106872
29617,105757,106376
29618,105760,107083
29619,105761,107380
29620,105763,107064
29621,105764,107884
29622,105765,107243
29623,105766,107740
29624,105767,106365
29625,105769,107744
29626,105770,107305
29627,105772,107751
29628,105775,107292
29629,105778,107616
29630,105780,107261
29631,105781,107063
29632,105784,106666
29633,105785,107310
29634,105786,107664
29635,105787,106336
29636,105788,106361
29637,105789,107570
29638,105790,107277
29639,105791,106854
29640,105792,106720
29641,105793,106519
29642,105795,107331
29643,105796,107594
29644,105797,106790
29645,105798,106977
29646,105799,107204
29647,105800,107538
29648,105801,106701
29649,105802,107212
29650,105804,106789
29651,105807,106683
29652,105808,107644
29653,105809,106909
29654,105811,107249
29655,105812,107252
29656,105813,107254
29657,105814,107256
29658,105817,106467
29659,105818,106938
29660,105820,107148
29661,105821,107253
29662,105823,106692
29663,105826,107587
29664,105827,107300
29665,105829,107912
29666,105831,106694
29667,105833,107299
29668,105834,107626
29669,105836,106714
29670,105837,107488
29671,105838,107137
29672,105839,107337
29673,105840,107037
29674,105841,107652
29675,105842,107269
29676,105843,106815
29677,105845,107051
29678,105846,107931
29679,105847,107168
29680,105848,107167
29681,105849,106968
29682,105851,107171
29683,105853,106717
29684,105854,107027
29685,105855,107157
29686,105856,107173
29687,105857,107547
29688,105858,107731
29689,105859,107921
29690,105862,106387
29691,105863,107922
29692,105864,107111
29693,105865,107349
29694,105866,107049
29695,105867,107097
29696,105868,107116
29697,105869,107832
29698,105870,107132
29699,105871,107578
29700,105873,106856
29701,105874,107629
29702,105875,107514
29703,105876,107186
29704,105878,107098
29705,105879,107441
29706,105881,106777
29707,105882,106543
29708,105884,106388
29709,105885,107628
29710,105886,107375
29711,105888,106774
29712,105889,106699
29713,105890,106782
29714,105891,107529
29715,105892,107125
29716,105893,107059
29717,105894,107169
29718,105896,106486
29719,105897,106394
29720,105899,107128
29721,105900,107213
29722,105901,107065
29723,105902,107853
29724,105904,107638
29725,105905,106955
29726,105906,107316
29727,105907,107161
29728,105908,107721
29729,105909,107071
29730,105910,106371
29731,105911,107199
29732,105913,106992
29733,105916,107053
29734,105917,107078
29735,105918,107258
29736,105919,106904
29737,105920,107036
29738,105921,107241
29739,105922,107353
29740,105925,107265
29741,105926,107569
29742,105927,107139
29743,105928,106747
29744,105930,107140
29745,105931,107141
29746,105932,107088
29747,105933,107849
29748,105934,107142
29749,105935,107574
29750,105936,107544
29751,105938,107613
29752,105939,106811
29753,105941,107179
29754,105942,106279
29755,105943,107271
29756,105944,107493
29757,105946,106283
29758,105951,107101
29759,105953,107149
29760,105954,107025
29761,105955,107094
29762,105957,106619
29763,105959,106758
29764,105962,107575
29765,105964,107415
29766,105965,107151
29767,105966,107476
29768,105967,106966
29769,105970,107619
29770,105971,107107
29771,105972,107150
29772,105973,107483
29773,105974,107110
29774,105975,107062
29775,105976,107420
29776,105978,107658
29777,105979,107240
29778,105980,107095
29779,105981,107427
29780,105982,107311
29781,105985,107198
29782,105986,107214
29783,105990,106705
29784,105991,107456
29785,105992,107245
29786,105994,106686
29787,105996,106656
29788,106001,107470
29789,106002,107549
29790,106003,106310
29791,106005,106538
29792,106007,107343
29793,106008,107329
29794,106009,107342
29795,106010,107319
29796,106011,107330
29797,106013,107336
29798,106014,107333
29799,106016,107122
29800,106018,107334
29801,106019,107317
29802,106020,107490
29803,106022,107345
29804,106023,106800
29805,106024,107346
29806,106025,107872
29807,106027,107341
29808,106028,107023
29809,106033,106733
29810,106036,106778
29811,106040,107858
29812,106044,107675
29813,106045,107509
29814,106046,107632
29815,106047,107963
29816,106049,107366
29817,106050,107367
29818,106054,106518
29819,106058,106873
29820,106062,107534
29821,106063,107384
29822,106064,107216
29823,106065,107389
29824,106066,106735
29825,106067,107370
29826,106073,107645
29827,106074,107560
29828,106075,107561
29829,106077,107354
29830,106078,107393
29831,106082,106658
29832,106083,107067
29833,106084,107584
29834,106085,107590
29835,106086,106752
29836,106087,107618
29837,106089,107283
29838,106090,107112
29839,106094,107426
29840,106095,107746
29841,106097,107659
29842,106099,107312
29843,106104,107117
29844,106105,107624
29845,106107,107365
29846,106111,107419
29847,106114,107069
29848,106115,107373
29849,106116,107278
29850,106121,106783
29851,106123,107061
29852,106126,107447
29853,106127,106460
29854,106128,107388
29855,106129,107442
29856,106138,107585
29857,106139,107466
29858,106142,106599
29859,106143,107465
29860,106145,106941
29861,106146,106654
29862,106147,107653
29863,106150,107609
29864,106151,107610
29865,106152,107597
29866,106153,107559
29867,106154,107361
29868,106157,107625
29869,106158,106315
29870,106162,107306
29871,106163,107187
29872,106164,106792
29873,106166,107463
29874,106168,107205
29875,106169,107189
29876,106172,107499
29877,106173,107500
29878,106175,107482
29879,106177,107502
29880,106178,107503
29881,106183,107634
29882,106187,107709
29883,106189,107431
29884,106192,106855
29885,106195,107158
29886,106198,107165
29887,106199,107159
29888,106200,107474
29889,106201,106725
29890,106202,107160
29891,106205,106984
29892,106213,107108
29893,106214,107532
29894,106215,107535
29895,106216,107557
29896,106219,107552
29897,106225,107446
29898,106226,107855
29899,106227,107072
29900,106228,107227
29901,106230,107725
29902,106232,107860
29903,106237,107154
29904,106240,107556
29905,106243,107934
29906,106245,106912
29907,106246,107562
29908,106247,107080
29909,106252,106915
29910,106257,107649
29911,106258,107398
29912,106260,106949
29913,106262,107164
29914,106263,107452
29915,106264,107260
29916,106267,106871
29917,106268,107133
29918,106270,107580
29919,106272,107145
29920,106273,106937
29921,106274,107739
29922,106275,107449
29923,106277,106806
29924,106278,107674
29925,106280,106894
29926,106282,107409
29927,106284,107593
29928,106286,106948
29929,106288,107496
29930,106292,107657
29931,106297,107606
29932,106298,107607
29933,106299,107904
29934,106301,107475
29935,106302,107749
29936,106303,107430
29937,106304,107614
29938,106305,107690
29939,106307,107913
29940,106311,107347
29941,106313,107525
29942,106314,107481
29943,106321,107350
29944,106327,107399
29945,106333,107672
29946,106334,107662
29947,106339,107515
29948,106343,107670
29949,106345,107671
29950,106346,107669
29951,106349,107551
29952,106350,107668
29953,106354,107673
29954,106360,107663
29955,106364,107831
29956,106368,107208
29957,106369,107217
29958,106374,107867
29959,106375,107228
29960,106377,107577
29961,106379,107886
29962,106381,107045
29963,106391,107041
29964,106393,107207
29965,106401,107074
29966,106402,107075
29967,106406,107368
29968,106410,107079
29969,106415,107082
29970,106417,107267
29971,106419,107713
29972,106421,107898
29973,106425,107096
29974,106428,107911
29975,106429,107790
29976,106431,107363
29977,106441,106775
29978,106445,107374
29979,106449,107437
29980,106454,107126
29981,106471,107322
29982,106483,106721
29983,106491,107875
29984,106492,107829
29985,106495,107836
29986,106497,107844
29987,106517,107512
29988,106526,107802
29989,106527,107821
29990,106530,107507
29991,106535,107907
29992,106536,107276
29993,106540,107527
29994,106544,107797
29995,106548,107536
29996,106551,107565
29997,106564,107285
29998,106568,107687
29999,106592,107255
30000,106594,107801
30001,106607,107494
30002,106610,107894
30003,106620,107288
30004,106634,107326
30005,106652,106911
30006,106655,107318
30007,106668,107183
30008,106669,107665
30009,106672,107760
30010,106681,107637
30011,106703,107841
30012,106709,107568
30013,106726,107793
30014,106727,107392
30015,106730,107845
30016,106737,106958
30017,106742,107480
30018,106745,107936
30019,106764,107417
30020,106799,107774
30021,106816,107785
30022,106822,107615
30023,106829,107518
30024,106830,107533
30025,106831,107640
30026,106832,107571
30027,106836,107576
30028,106842,107504
30029,106847,107378
30030,106848,107495
30031,106853,107379
30032,106859,107491
30033,106862,107489
30034,106879,107467
30035,106881,107539
30036,106892,107988
30037,106895,107550
30038,106918,107567
30039,106924,107497
30040,106929,107650
30041,106942,107591
30042,106960,107748
30043,106994,107458
30044,106999,107680
30045,107017,107448
30046,107018,107876
30047,107038,107976
30048,107039,107932
30049,107081,107940
30050,107084,107776
30051,107085,107856
30052,107131,107859
30053,107136,107647
30054,107156,107954
30055,107200,107927
30056,107224,107826
30057,107263,107694
30058,107304,107677
30059,107344,107699
30060,107386,107558
30061,107537,107846
30062,103913,107679
30063,104911,107681
30064,106642,107685
30065,106392,107686
30066,107053,107688
30067,106409,107689
30068,105609,107693
30069,105499,107698
30070,105661,107700
30071,106858,107701
30072,105000,107705
30073,105329,107706
30074,107500,107707
30075,105568,107708
30076,106240,107711
30077,107436,107712
30078,105560,107719
30079,106678,107769
30080,107154,107773
30081,106264,107778
30082,106931,107779
30083,106469,107780
30084,107145,107782
30085,103952,107810
30086,105332,107823
30087,106514,107830
30088,105888,107833
30089,106576,107847
30090,106571,107861
30091,106235,107862
30092,106073,107866
30093,106283,107870
30094,107261,107879
30095,107653,107893
30096,107045,107918
30097,106668,107924
30098,107384,107930
30099,103884,107933
30100,105168,107941
30101,106607,107942
30102,105617,107943
30103,107658,107949
30104,107493,107959
30105,103866,107965
30106,107704,107971
30107,105058,107995
30108,106799,108033
30109,107886,108041
30110,105894,108063
30111,107725,108077
30112,105274,108082
30113,106094,108101
30114,105391,108105
30115,106153,108116
30116,108215,109915
30117,108240,109826
30118,108260,109560
30119,108285,109410
30120,108342,110636
30121,108369,111241
30122,108393,109239
30123,108472,111294
30124,108592,109096
30125,108607,109867
30126,108609,109602
30127,108639,109776
30128,108730,109960
30129,108744,110322
30130,108826,112782
30131,108877,109646
30132,108908,109407
30133,108976,112705
30134,109008,111993
30135,109013,109390
30136,109023,112881
30137,109030,111297
30138,109042,112622
30139,109055,109524
30140,109118,112772
30141,109120,112774
30142,109124,112877
30143,109125,112783
30144,109126,112785
30145,109127,111473
30146,109130,111480
30147,109131,112795
30148,109132,112797
30149,109133,111054
30150,109136,112810
30151,109137,112814
30152,109139,112819
30153,109140,112820
30154,109141,112821
30155,109143,112833
30156,109144,112837
30157,109145,112839
30158,109146,112854
30159,109147,112863
30160,109148,112835
30161,109150,111080
30162,109152,112902
30163,109155,112905
30164,109156,112906
30165,109158,112784
30166,109160,112752
30167,109166,111517
30168,109167,111600
30169,109169,112757
30170,109173,112914
30171,109182,112703
30172,109183,112694
30173,109184,113022
30174,109186,112751
30175,109192,111390
30176,109193,112700
30177,109194,111385
30178,109197,112701
30179,109199,111330
30180,109202,112704
30181,109204,111148
30182,109205,110488
30183,109207,112294
30184,109209,110359
30185,109214,112713
30186,109215,112885
30187,109217,112716
30188,109219,112697
30189,109222,112747
30190,109224,113019
30191,109231,112720
30192,109233,111410
30193,109234,113033
30194,109235,112721
30195,109236,111404
30196,109237,113037
30197,109242,112850
30198,109245,111024
30199,109246,112727
30200,109248,111540
30201,109250,112862
30202,109251,112731
30203,109253,112732
30204,109254,113051
30205,109255,112733
30206,109256,112866
30207,109260,112739
30208,109261,112310
30209,109264,112737
30210,109265,112722
30211,109274,112894
30212,109275,111208
30213,109280,112698
30214,109283,111446
30215,109284,112712
30216,109286,111041
30217,109287,112710
30218,109289,112750
30219,109291,110972
30220,109297,111763
30221,109303,109846
30222,109306,110803
30223,109307,111601
30224,109312,110635
30225,109328,111773
30226,109329,110219
30227,109332,109629
30228,109440,111630
30229,109458,109952
30230,109497,112045
30231,109526,112846
30232,109543,112734
30233,109551,109982
30234,109627,109968
30235,109636,112714
30236,109640,111479
30237,109642,110904
30238,109663,110252
30239,109722,111276
30240,109728,111698
30241,109737,111859
30242,109738,111263
30243,109750,112519
30244,109759,112800
30245,109777,112286
30246,109910,112760
30247,109926,112579
30248,109942,111303
30249,109977,111634
30250,109992,110623
30251,109995,111370
30252,110003,111841
30253,110005,111348
30254,110011,112303
30255,110014,112190
30256,110017,111394
30257,110025,111333
30258,110045,112121
30259,110050,111192
30260,110060,111349
30261,110087,111440
30262,110089,111476
30263,110090,111457
30264,110092,111925
30265,110096,111845
30266,110097,111483
30267,110098,110740
30268,110099,111596
30269,110100,111589
30270,110102,111407
30271,110103,111522
30272,110105,112529
30273,110106,111534
30274,110107,113136
30275,110108,111535
30276,110109,111426
30277,110110,112074
30278,110113,111432
30279,110114,113088
30280,110115,113087
30281,110116,111447
30282,110119,113180
30283,110120,111914
30284,110121,110869
30285,110122,111968
30286,110123,112342
30287,110125,112615
30288,110127,110994
30289,110130,111142
30290,110133,113012
30291,110134,110795
30292,110139,111592
30293,110140,113095
30294,110141,112331
30295,110142,111541
30296,110145,111472
30297,110146,111587
30298,110149,112993
30299,110151,112132
30300,110152,111386
30301,110153,111500
30302,110154,111485
30303,110155,112706
30304,110156,110952
30305,110157,112474
30306,110158,111463
30307,110160,112185
30308,110161,112216
30309,110165,111491
30310,110167,113110
30311,110169,111396
30312,110174,111399
30313,110175,112495
30314,110176,113126
30315,110177,111764
30316,110179,111765
30317,110181,112488
30318,110182,111513
30319,110183,113200
30320,110185,111561
30321,110186,112730
30322,110187,111459
30323,110189,111931
30324,110193,113173
30325,110195,112528
30326,110197,111397
30327,110198,111412
30328,110199,113052
30329,110200,113137
30330,110203,111771
30331,110205,111575
30332,110209,111423
30333,110212,111389
30334,110214,111564
30335,110216,111567
30336,110223,113167
30337,110224,112997
30338,110225,113067
30339,110226,112080
30340,110227,113013
30341,110229,111690
30342,110231,111906
30343,110232,110577
30344,110234,113039
30345,110235,111766
30346,110236,111608
30347,110237,110924
30348,110238,111438
30349,110240,111660
30350,110241,111144
30351,110247,111205
30352,110248,112148
30353,110256,112851
30354,110257,111767
30355,110258,111532
30356,110264,112636
30357,110265,111277
30358,110267,113011
30359,110269,112388
30360,110272,113168
30361,110273,111618
30362,110274,111437
30363,110275,111384
30364,110282,111431
30365,110283,111378
30366,110284,112589
30367,110286,110975
30368,110288,113015
30369,110289,111434
30370,110291,113027
30371,110292,112400
30372,110296,112401
30373,110297,112378
30374,110300,112404
30375,110301,111405
30376,110302,111521
30377,110303,113036
30378,110304,112912
30379,110305,111191
30380,110307,112304
30381,110309,113042
30382,110310,111420
30383,110311,111421
30384,110313,113026
30385,110314,110883
30386,110315,111398
30387,110316,111085
30388,110317,112761
30389,110318,113048
30390,110319,113018
30391,110320,112908
30392,110328,111664
30393,110333,111934
30394,110335,112668
30395,110337,111856
30396,110346,112297
30397,110347,111897
30398,110352,111794
30399,110354,111484
30400,110355,112315
30401,110358,113084
30402,110360,112979
30403,110361,110676
30404,110362,113114
30405,110368,111653
30406,110372,111861
30407,110374,112013
30408,110375,112014
30409,110377,113085
30410,110381,111898
30411,110383,111887
30412,110384,112556
30413,110387,113166
30414,110389,111784
30415,110390,111007
30416,110391,112030
30417,110394,112264
30418,110395,112032
30419,110397,111699
30420,110398,112113
30421,110399,111657
30422,110400,111701
30423,110401,111786
30424,110402,111791
30425,110403,111792
30426,110404,111711
30427,110405,112466
30428,110406,112093
30429,110407,111387
30430,110408,112560
30431,110410,111806
30432,110411,111811
30433,110412,111804
30434,110413,111832
30435,110414,111422
30436,110415,112090
30437,110416,112538
30438,110417,111381
30439,110418,111846
30440,110419,111731
30441,110420,112234
30442,110421,112847
30443,110422,112146
30444,110424,111862
30445,110425,111519
30446,110426,111875
30447,110427,111583
30448,110428,111877
30449,110429,111852
30450,110430,111429
30451,110431,111681
30452,110432,112893
30453,110433,112725
30454,110434,111692
30455,110435,112428
30456,110436,111919
30457,110437,111921
30458,110439,111821
30459,110440,111912
30460,110441,111783
30461,110443,111905
30462,110444,111388
30463,110445,112151
30464,110446,111606
30465,110447,112249
30466,110448,112167
30467,110449,112180
30468,110450,111865
30469,110451,111878
30470,110452,111885
30471,110453,111913
30472,110454,112764
30473,110455,111320
30474,110456,112034
30475,110457,111777
30476,110459,112773
30477,110461,112114
30478,110462,113030
30479,110464,112246
30480,110465,111751
30481,110466,112268
30482,110467,112091
30483,110468,111706
30484,110470,111302
30485,110471,111708
30486,110472,111709
30487,110473,111943
30488,110474,111923
30489,110475,111967
30490,110476,111895
30491,110477,112202
30492,110478,112588
30493,110480,112292
30494,110481,111803
30495,110482,111714
30496,110483,111468
30497,110486,111926
30498,110487,111755
30499,110490,111713
30500,110491,111719
30501,110493,111159
30502,110494,111870
30503,110495,111496
30504,110496,110955
30505,110498,111824
30506,110499,111963
30507,110500,112344
30508,110501,112983
30509,110502,111819
30510,110503,111831
30511,110504,112072
30512,110505,111092
30513,110506,111562
30514,110508,112822
30515,110509,112077
30516,110510,111839
30517,110511,112827
30518,110512,112254
30519,110513,111652
30520,110514,111016
30521,110515,111602
30522,110516,112057
30523,110517,112816
30524,110518,110798
30525,110519,111516
30526,110520,112097
30527,110521,111729
30528,110523,111848
30529,110524,111406
30530,110526,111851
30531,110527,112098
30532,110528,112111
30533,110529,111853
30534,110530,112724
30535,110531,112843
30536,110532,111193
30537,110533,112064
30538,110534,112011
30539,110535,112848
30540,110537,111734
30541,110538,111892
30542,110540,111736
30543,110541,111836
30544,110542,111867
30545,110543,111754
30546,110545,111419
30547,110546,111547
30548,110548,111740
30549,110550,111742
30550,110553,112099
30551,110556,111774
30552,110557,111816
30553,110559,111545
30554,110560,111748
30555,110562,111889
30556,110565,111576
30557,110566,112217
30558,110568,112892
30559,110569,113169
30560,110570,111718
30561,110571,112010
30562,110573,112029
30563,110574,111383
30564,110576,112966
30565,110578,111693
30566,110579,112248
30567,110580,112103
30568,110581,111916
30569,110582,110812
30570,110583,111586
30571,110584,111757
30572,110585,111418
30573,110586,111695
30574,110587,112018
30575,110589,111725
30576,110590,111756
30577,110591,111697
30578,110592,111702
30579,110593,111747
30580,110595,112092
30581,110596,112273
30582,110597,111595
30583,110598,112050
30584,110599,112984
30585,110600,111837
30586,110601,111726
30587,110602,111753
30588,110603,112079
30589,110604,111641
30590,110605,111864
30591,110606,111741
30592,110607,111744
30593,110608,112919
30594,110610,112210
30595,110612,111580
30596,110613,111758
30597,110615,111939
30598,110616,111941
30599,110618,111096
30600,110619,110983
30601,110621,112869
30602,110622,111949
30603,110625,112251
30604,110626,111951
30605,110627,111306
30606,110628,112695
30607,110630,111068
30608,110631,112663
30609,110633,112184
30610,110637,112260
30611,110639,111110
30612,110640,112743
30613,110643,112208
30614,110644,111258
30615,110646,112661
30616,110647,111339
30617,110651,113196
30618,110652,112817
30619,110654,112115
30620,110655,112362
30621,110658,112209
30622,110661,112243
30623,110662,112599
30624,110663,111999
30625,110664,112037
30626,110665,112118
30627,110666,112324
30628,110668,112614
30629,110669,112465
30630,110671,111636
30631,110672,111801
30632,110673,112337
30633,110674,111662
30634,110675,111689
30635,110677,111826
30636,110678,112645
30637,110679,111992
30638,110680,112683
30639,110681,112823
30640,110683,111179
30641,110686,112381
30642,110687,111976
30643,110688,112176
30644,110689,111640
30645,110694,113147
30646,110695,112999
30647,110698,112879
30648,110700,112024
30649,110703,111684
30650,110704,113007
30651,110705,112197
30652,110707,111901
30653,110710,111599
30654,110712,111917
30655,110713,112596
30656,110714,112582
30657,110715,112109
30658,110716,112326
30659,110717,112328
30660,110718,112117
30661,110719,112120
30662,110720,111785
30663,110721,112141
30664,110722,111790
30665,110723,111793
30666,110724,112641
30667,110725,111712
30668,110726,112235
30669,110727,112134
30670,110728,112723
30671,110730,112047
30672,110731,112081
30673,110732,111720
30674,110733,112149
30675,110734,112186
30676,110735,111928
30677,110736,112158
30678,110737,112199
30679,110738,111100
30680,110739,113023
30681,110741,111376
30682,110742,111066
30683,110743,112168
30684,110744,112172
30685,110745,112008
30686,110746,112769
30687,110747,112527
30688,110748,111924
30689,110750,112183
30690,110751,112187
30691,110752,112200
30692,110753,112067
30693,110755,111270
30694,110756,112124
30695,110757,111077
30696,110758,111206
30697,110759,112198
30698,110760,113091
30699,110761,111086
30700,110762,111807
30701,110764,112212
30702,110765,112525
30703,110766,112220
30704,110767,112794
30705,110769,112222
30706,110770,112226
30707,110771,112288
30708,110772,112230
30709,110773,112746
30710,110774,112233
30711,110775,112240
30712,110776,111341
30713,110777,112581
30714,110778,111114
30715,110779,111172
30716,110780,112160
30717,110781,111956
30718,110782,112513
30719,110783,112173
30720,110784,112530
30721,110785,112518
30722,110786,112284
30723,110787,112105
30724,110788,112106
30725,110789,111940
30726,110790,112035
30727,110791,112036
30728,110792,111896
30729,110793,112110
30730,110794,112104
30731,110796,112211
30732,110797,112535
30733,110799,112038
30734,110800,112330
30735,110801,112052
30736,110802,111704
30737,110804,111079
30738,110805,112069
30739,110806,111733
30740,110807,111707
30741,110809,112048
30742,110810,111710
30743,110811,111138
30744,110813,112129
30745,110814,112131
30746,110815,112043
30747,110816,111715
30748,110817,112836
30749,110820,112341
30750,110821,112084
30751,110822,111489
30752,110823,112295
30753,110824,112139
30754,110825,111817
30755,110826,112245
30756,110828,112396
30757,110829,112144
30758,110832,112649
30759,110833,112058
30760,110834,112049
30761,110835,112150
30762,110836,111759
30763,110837,112051
30764,110839,112154
30765,110841,112156
30766,110843,111769
30767,110844,112054
30768,110845,112022
30769,110846,112503
30770,110848,112135
30771,110850,112666
30772,110851,111822
30773,110853,112042
30774,110854,112285
30775,110855,112107
30776,110856,111170
30777,110857,112061
30778,110858,112409
30779,110859,112798
30780,110860,112062
30781,110861,112357
30782,110862,112046
30783,110863,111678
30784,110864,112177
30785,110865,112302
30786,110866,111269
30787,110868,112065
30788,110872,112085
30789,110873,111415
30790,110874,112071
30791,110876,111075
30792,110877,112543
30793,110879,111204
30794,110880,112194
30795,110882,112309
30796,110884,113148
30797,110885,111962
30798,110886,111570
30799,110887,111215
30800,110889,111883
30801,110890,111218
30802,110891,111149
30803,110892,112189
30804,110897,112886
30805,110899,112889
30806,110900,111571
30807,110901,111789
30808,110902,112219
30809,110905,112082
30810,110906,112262
30811,110907,112223
30812,110908,112377
30813,110909,112083
30814,110910,112686
30815,110911,111579
30816,110912,112040
30817,110913,113152
30818,110914,112624
30819,110915,111948
30820,110916,112901
30821,110917,112779
30822,110918,112289
30823,110919,112039
30824,110920,112078
30825,110921,112578
30826,110922,112087
30827,110923,112088
30828,110925,112237
30829,110926,112384
30830,110927,111798
30831,110928,112125
30832,110929,112888
30833,110930,112650
30834,110931,112631
30835,110933,111823
30836,110935,111424
30837,110936,112509
30838,110937,112157
30839,110938,111838
30840,110940,112407
30841,110941,112411
30842,110942,111879
30843,110943,113076
30844,110944,112369
30845,110945,111983
30846,110946,111812
30847,110947,112265
30848,110948,112277
30849,110951,112272
30850,110953,112279
30851,110954,112281
30852,110956,111444
30853,110958,112347
30854,110959,112169
30855,110960,112278
30856,110961,111185
30857,110962,112255
30858,110963,112283
30859,110964,112127
30860,110965,111273
30861,110967,112312
30862,110969,112274
30863,110973,111780
30864,110976,112942
30865,110978,112813
30866,110981,112540
30867,110982,112547
30868,110985,113162
30869,110986,112380
30870,110988,111671
30871,110989,112321
30872,110990,112322
30873,110991,112771
30874,110992,113050
30875,110993,113038
30876,110995,112452
30877,110996,113016
30878,110997,112664
30879,110998,113144
30880,110999,112311
30881,111000,113242
30882,111002,111668
30883,111003,112801
30884,111004,112796
30885,111005,112108
30886,111008,112354
30887,111009,112147
30888,111011,112116
30889,111013,112327
30890,111014,112345
30891,111015,112998
30892,111018,113035
30893,111020,112175
30894,111021,112521
30895,111026,113163
30896,111027,111855
30897,111029,112367
30898,111032,113002
30899,111037,112373
30900,111038,112313
30901,111039,112567
30902,111043,112130
30903,111044,112845
30904,111046,111920
30905,111048,111461
30906,111049,111942
30907,111050,112119
30908,111051,112454
30909,111052,112786
30910,111053,111506
30911,111057,112618
30912,111058,112479
30913,111059,112634
30914,111060,112494
30915,111062,112486
30916,111063,112372
30917,111064,112654
30918,111065,112574
30919,111069,112680
30920,111070,112280
30921,111072,112532
30922,111073,113040
30923,111074,112501
30924,111076,111642
30925,111078,112485
30926,111081,111724
30927,111082,111353
30928,111083,111981
30929,111087,112419
30930,111088,112555
30931,111089,112674
30932,111090,112387
30933,111091,111908
30934,111093,112576
30935,111095,112630
30936,111097,112939
30937,111098,112417
30938,111099,111964
30939,111101,112577
30940,111102,112909
30941,111103,112922
30942,111104,112318
30943,111105,112749
30944,111106,112799
30945,111107,112096
30946,111108,111502
30947,111109,112838
30948,111111,111510
30949,111112,112921
30950,111113,112290
30951,111115,112659
30952,111116,112438
30953,111117,112439
30954,111118,112590
30955,111119,111776
30956,111120,112583
30957,111121,112441
30958,111122,112267
30959,111124,111612
30960,111125,112480
30961,111126,111781
30962,111127,112585
30963,111128,112329
30964,111129,112637
30965,111130,112662
30966,111131,112334
30967,111132,112413
30968,111133,111622
30969,111135,112707
30970,111136,112459
30971,111139,111797
30972,111141,112735
30973,111143,111998
30974,111145,113000
30975,111146,112293
30976,111147,112643
30977,111151,112020
30978,111152,112476
30979,111154,112356
30980,111156,112258
30981,111157,112371
30982,111158,112403
30983,111160,112759
30984,111161,112398
30985,111162,112399
30986,111163,112487
30987,111164,111597
30988,111165,112153
30989,111166,113066
30990,111168,112493
30991,111169,112307
30992,111171,112159
30993,111173,112591
30994,111174,112349
30995,111175,113096
30996,111176,112506
30997,111177,112647
30998,111178,112244
30999,111180,113031
31000,111181,112511
31001,111182,112832
31002,111183,112352
31003,111184,112353
31004,111186,112301
31005,111187,112442
31006,111188,112355
31007,111189,112625
31008,111190,113097
31009,111195,112412
31010,111196,112778
31011,111198,111673
31012,111199,112305
31013,111200,112026
31014,111201,112415
31015,111203,112544
31016,111207,112867
31017,111209,111857
31018,111210,112365
31019,111211,112548
31020,111212,112498
31021,111213,112551
31022,111216,112875
31023,111217,113155
31024,111220,112420
31025,111222,112376
31026,111224,112287
31027,111226,112215
31028,111227,111980
31029,111229,112514
31030,111230,112162
31031,111231,112374
31032,111232,112423
31033,111234,112410
31034,111235,112314
31035,111237,112682
31036,111238,112425
31037,111239,112685
31038,111240,111688
31039,111243,112379
31040,111246,112635
31041,111247,112317
31042,111248,112427
31043,111249,112689
31044,111250,112526
31045,111251,111911
31046,111252,112762
31047,111254,112320
31048,111255,112385
31049,111257,112926
31050,111259,112429
31051,111260,111844
31052,111261,111997
31053,111262,111624
31054,111264,112755
31055,111265,112915
31056,111266,111620
31057,111268,112758
31058,111271,111960
31059,111272,111866
31060,111274,111937
31061,111275,112437
31062,111278,112597
31063,111279,112598
31064,111280,111820
31065,111281,112604
31066,111283,112606
31067,111284,112601
31068,111287,113115
31069,111288,112609
31070,111289,112611
31071,111290,112610
31072,111293,112421
31073,111296,112600
31074,111299,112613
31075,111309,113199
31076,111310,112256
31077,111311,111728
31078,111312,112178
31079,111314,112715
31080,111316,112895
31081,111321,112632
31082,111322,112584
31083,111324,112652
31084,111326,112640
31085,111327,112945
31086,111328,112883
31087,111329,112791
31088,111332,112431
31089,111334,112804
31090,111336,112646
31091,111337,112913
31092,111338,112142
31093,111340,111825
31094,111342,111721
31095,111344,112651
31096,111345,112775
31097,111346,112253
31098,111350,112263
31099,111351,112842
31100,111352,112825
31101,111354,112012
31102,111356,111935
31103,111358,113005
31104,111360,112364
31105,111361,112870
31106,111362,112019
31107,111364,112558
31108,111365,113006
31109,111368,111982
31110,111371,112897
31111,111373,112767
31112,111374,112768
31113,111375,112392
31114,111377,112424
31115,111380,112781
31116,111382,112900
31117,111391,112232
31118,111392,112709
31119,111393,112145
31120,111395,111927
31121,111400,111833
31122,111401,112719
31123,111403,112658
31124,111408,113165
31125,111411,112627
31126,111413,112855
31127,111414,112856
31128,111416,112858
31129,111417,112729
31130,111425,112780
31131,111427,113153
31132,111430,112738
31133,111433,112925
31134,111435,112338
31135,111436,112229
31136,111441,111768
31137,111442,112462
31138,111443,112481
31139,111445,112449
31140,111448,112537
31141,111449,112971
31142,111451,112860
31143,111452,112765
31144,111453,112766
31145,111454,112692
31146,111455,112770
31147,111456,113123
31148,111458,113083
31149,111460,113090
31150,111462,112063
31151,111464,112777
31152,111466,112976
31153,111469,113232
31154,111470,112691
31155,111474,112433
31156,111475,112432
31157,111477,111994
31158,111478,112670
31159,111482,112807
31160,111486,112394
31161,111487,112802
31162,111488,112250
31163,111492,112296
31164,111494,113025
31165,111495,112397
31166,111497,111974
31167,111498,112788
31168,111499,112815
31169,111501,112981
31170,111504,112492
31171,111505,112896
31172,111507,112717
31173,111509,112826
31174,111512,112299
31175,111514,112510
31176,111518,112834
31177,111523,112787
31178,111524,112789
31179,111527,112809
31180,111528,112990
31181,111529,111958
31182,111530,113049
31183,111533,112182
31184,111536,112728
31185,111537,112741
31186,111538,112430
31187,111539,112859
31188,111542,112436
31189,111544,112471
31190,111546,112094
31191,111549,112865
31192,111550,112196
31193,111551,112868
31194,111552,112996
31195,111553,112806
31196,111554,112201
31197,111555,112923
31198,111556,112507
31199,111557,112138
31200,111558,113047
31201,111559,112961
31202,111560,112876
31203,111563,112880
31204,111566,112924
31205,111568,112214
31206,111569,112027
31207,111572,112742
31208,111573,112565
31209,111574,111954
31210,111577,112224
31211,111578,113174
31212,111581,112745
31213,111584,112903
31214,111588,112033
31215,111590,112696
31216,111591,113204
31217,111593,112657
31218,111598,112818
31219,111603,113143
31220,111604,112203
31221,111607,112616
31222,111610,112907
31223,111611,113010
31224,111613,112929
31225,111619,112931
31226,111623,112916
31227,111625,112932
31228,111626,112933
31229,111627,112934
31230,111628,112928
31231,111629,112935
31232,111631,112677
31233,111632,112937
31234,111635,113094
31235,111637,112343
31236,111645,113146
31237,111648,112629
31238,111649,112948
31239,111658,112803
31240,111659,113100
31241,111661,111894
31242,111665,112648
31243,111666,112489
31244,111669,112358
31245,111670,112988
31246,111672,112667
31247,111675,112007
31248,111676,112569
31249,111685,112348
31250,111686,113171
31251,111687,113159
31252,111694,112101
31253,111705,111787
31254,111716,111808
31255,111723,111882
31256,111730,111849
31257,111737,112957
31258,111738,111869
31259,111739,111873
31260,111746,112422
31261,111752,112218
31262,111761,113101
31263,111762,113102
31264,111770,113138
31265,111772,113142
31266,111778,112443
31267,111779,112693
31268,111782,113190
31269,111796,113058
31270,111810,113108
31271,111813,112744
31272,111818,113062
31273,111827,113112
31274,111842,112830
31275,111843,112660
31276,111850,112516
31277,111860,112620
31278,111863,112936
31279,111868,113074
31280,111871,113121
31281,111888,112557
31282,111890,112633
31283,111902,112711
31284,111903,112571
31285,111904,112853
31286,111922,113082
31287,111929,112917
31288,111932,112393
31289,111933,113111
31290,111936,112959
31291,111965,113181
31292,111969,112383
31293,111973,113218
31294,111978,112828
31295,111985,112653
31296,111991,112910
31297,111996,113104
31298,112000,112812
31299,112001,112726
31300,112006,112952
31301,112017,112546
31302,112021,112673
31303,112031,113008
31304,112056,112951
31305,112070,113045
31306,112075,112874
31307,112086,112575
31308,112089,112776
31309,112095,112808
31310,112100,112790
31311,112102,112861
31312,112126,112753
31313,112128,112754
31314,112133,112987
31315,112140,112756
31316,112143,112873
31317,112152,112687
31318,112155,112884
31319,112163,113122
31320,112164,112989
31321,112165,112974
31322,112174,112718
31323,112179,112699
31324,112207,113157
31325,112238,112748
31326,112242,112763
31327,112252,113116
31328,112257,112956
31329,112276,113120
31330,112291,112941
31331,112306,113237
31332,112308,112864
31333,112360,112857
31334,112361,112920
31335,112541,113263
31336,112626,112844
31337,112628,113046
31338,112736,113210
31339,111791,112943
31340,109126,112944
31341,110443,112946
31342,110727,112947
31343,110521,112953
31344,110419,112954
31345,110805,112958
31346,111090,112963
31347,110289,112964
31348,111276,112968
31349,112906,112969
31350,111757,112970
31351,112632,112973
31352,110826,112978
31353,110679,112985
31354,110937,112986
31355,110403,113017
31356,112694,113029
31357,109265,113034
31358,110186,113043
31359,110181,113070
31360,112114,113092
31361,111592,113093
31362,112254,113106
31363,111517,113124
31364,112167,113141
31365,111273,113150
31366,111587,113184
31367,110859,113192
31368,111819,113197
31369,111831,113198
31370,112835,113208
31371,112760,113209
31372,110885,113224
31373,110441,113229
31374,111145,113241
31375,112921,113243
31376,111766,113256
31377,112218,113272
31378,112062,113296
31379,112377,113314
31380,112493,113333
31381,110303,113340
31382,110347,113353
31383,112197,113374
31384,111983,113378
31385,113425,115885
31386,113448,115076
31387,113462,114196
31388,113464,114812
31389,113530,114620
31390,113545,115146
31391,113559,115620
31392,113564,118189
31393,113569,115523
31394,113674,116213
31395,113697,116922
31396,113718,114599
31397,113757,114234
31398,113812,115279
31399,113849,115580
31400,113853,115627
31401,113868,114452
31402,113940,114948
31403,113943,114297
31404,114010,115327
31405,114021,114311
31406,114032,114487
31407,114056,114920
31408,114116,116533
31409,114141,116548
31410,114142,116232
31411,114148,116541
31412,114150,116187
31413,114209,117547
31414,114293,115152
31415,114304,116224
31416,114324,118012
31417,114354,118545
31418,114367,117859
31419,114383,118002
31420,114385,117925
31421,114386,117341
31422,114387,117702
31423,114388,118018
31424,114389,116709
31425,114391,118112
31426,114392,116285
31427,114395,118031
31428,114396,118043
31429,114397,118044
31430,114398,118109
31431,114401,118086
31432,114403,118061
31433,114404,116309
31434,114405,118064
31435,114406,118074
31436,114408,118079
31437,114409,118084
31438,114410,115549
31439,114411,116304
31440,114412,117464
31441,114413,116323
31442,114414,116199
31443,114417,118123
31444,114418,118129
31445,114419,118135
31446,114420,118132
31447,114425,116496
31448,114427,117163
31449,114433,117272
31450,114436,117924
31451,114437,118257
31452,114443,117320
31453,114445,117981
31454,114446,118019
31455,114447,116564
31456,114453,116563
31457,114455,116912
31458,114456,118269
31459,114458,117984
31460,114459,116381
31461,114461,117971
31462,114462,116365
31463,114465,117938
31464,114466,117222
31465,114468,115969
31466,114470,117975
31467,114471,115911
31468,114472,115065
31469,114479,117967
31470,114481,117936
31471,114482,117982
31472,114483,118055
31473,114484,116462
31474,114497,117951
31475,114498,118262
31476,114500,117989
31477,114501,118274
31478,114502,118272
31479,114504,114750
31480,114509,117954
31481,114511,117955
31482,114515,117978
31483,114518,116420
31484,114526,116450
31485,114527,116506
31486,114528,117952
31487,114530,117970
31488,114531,118113
31489,114539,115946
31490,114540,117947
31491,114543,117929
31492,114544,116453
31493,114548,117980
31494,114556,116013
31495,114560,116347
31496,114562,117000
31497,114570,116542
31498,114575,117801
31499,114602,115142
31500,114684,117985
31501,114708,115521
31502,114736,115174
31503,114770,118353
31504,114793,117350
31505,114797,116701
31506,114858,115670
31507,114860,115873
31508,114875,118005
31509,114876,118098
31510,114877,117935
31511,114890,116700
31512,114905,116612
31513,114938,117944
31514,115011,115290
31515,115014,116627
31516,115016,116637
31517,115017,116658
31518,115023,116882
31519,115054,116748
31520,115062,116730
31521,115074,116750
31522,115087,116799
31523,115092,116712
31524,115253,117200
31525,115257,116727
31526,115259,118050
31527,115262,116751
31528,115266,116763
31529,115267,118339
31530,115276,118338
31531,115277,118411
31532,115289,116739
31533,115294,117567
31534,115297,116894
31535,115299,116376
31536,115300,116784
31537,115304,118040
31538,115305,115914
31539,115312,116836
31540,115313,117099
31541,115314,117150
31542,115316,117093
31543,115319,116757
31544,115337,118412
31545,115338,116811
31546,115343,118415
31547,115344,117554
31548,115346,118320
31549,115353,116702
31550,115356,118263
31551,115357,118286
31552,115358,117974
31553,115359,116843
31554,115360,117933
31555,115364,116626
31556,115365,116728
31557,115367,117945
31558,115376,116582
31559,115377,118183
31560,115378,116642
31561,115381,118321
31562,115382,116636
31563,115387,116638
31564,115399,116844
31565,115400,116726
31566,115404,116640
31567,115406,116724
31568,115408,116703
31569,115418,116631
31570,115419,116621
31571,115424,116736
31572,115426,117854
31573,115427,116994
31574,115428,116972
31575,115429,116969
31576,115431,117504
31577,115432,118081
31578,115440,118290
31579,115441,116662
31580,115442,116808
31581,115444,118289
31582,115445,116776
31583,115446,118255
31584,115450,116814
31585,115451,116617
31586,115452,117202
31587,115454,116568
31588,115457,116632
31589,115459,117405
31590,115461,116660
31591,115462,116780
31592,115463,116100
31593,115466,116679
31594,115467,116821
31595,115468,116680
31596,115470,116906
31597,115473,116615
31598,115476,116618
31599,115477,116892
31600,115479,116940
31601,115480,117481
31602,115487,116156
31603,115491,116629
31604,115492,116866
31605,115495,117161
31606,115500,118254
31607,115502,117286
31608,115507,117091
31609,115508,118331
31610,115509,116862
31611,115514,117255
31612,115517,116665
31613,115525,116670
31614,115529,116848
31615,115530,116499
31616,115532,116639
31617,115533,116521
31618,115534,116278
31619,115536,116711
31620,115538,116854
31621,115541,116861
31622,115543,116407
31623,115544,116084
31624,115545,116417
31625,115548,116767
31626,115550,116326
31627,115551,117332
31628,115552,116570
31629,115553,117159
31630,115554,116675
31631,115556,117136
31632,115557,116336
31633,115559,116510
31634,115560,118265
31635,115562,116755
31636,115563,117035
31637,115564,117227
31638,115565,118253
31639,115568,116903
31640,115569,116416
31641,115570,118271
31642,115572,117203
31643,115573,118378
31644,115574,116256
31645,115576,118277
31646,115577,117023
31647,115582,118285
31648,115583,117170
31649,115585,117471
31650,115586,116154
31651,115587,117010
31652,115589,116825
31653,115590,117027
31654,115592,118237
31655,115593,116566
31656,115596,116715
31657,115597,117701
31658,115598,117285
31659,115600,116900
31660,115601,117530
31661,115603,116829
31662,115604,117392
31663,115607,116745
31664,115613,116698
31665,115616,116259
31666,115617,118091
31667,115618,117114
31668,115623,116915
31669,115624,116951
31670,115625,118362
31671,115626,116902
31672,115628,116803
31673,115629,117880
31674,115632,117919
31675,115634,118349
31676,115635,117017
31677,115636,118326
31678,115637,117028
31679,115638,117968
31680,115640,117032
31681,115641,117033
31682,115643,117043
31683,115644,117047
31684,115645,118142
31685,115647,117053
31686,115648,117065
31687,115649,117100
31688,115650,117067
31689,115651,118358
31690,115652,117074
31691,115653,117946
31692,115655,117366
31693,115656,117088
31694,115657,118062
31695,115658,116968
31696,115659,117407
31697,115660,117104
31698,115661,117383
31699,115662,117068
31700,115663,117106
31701,115664,117055
31702,115665,117961
31703,115666,117111
31704,115667,117934
31705,115668,116809
31706,115669,117116
31707,115671,118385
31708,115672,117123
31709,115673,117124
31710,115674,118409
31711,115676,117153
31712,115677,116815
31713,115679,118092
31714,115680,117105
31715,115681,117149
31716,115682,117154
31717,115683,117155
31718,115684,117026
31719,115685,117186
31720,115686,116205
31721,115687,117480
31722,115688,118009
31723,115689,117573
31724,115690,117850
31725,115691,117987
31726,115692,116305
31727,115693,116899
31728,115694,117494
31729,115695,117142
31730,115696,117152
31731,115697,118361
31732,115698,116885
31733,115699,117089
31734,115700,117013
31735,115701,117158
31736,115703,116939
31737,115706,117034
31738,115707,117092
31739,115708,118324
31740,115709,117785
31741,115710,117021
31742,115712,117162
31743,115713,116960
31744,115715,118328
31745,115716,118103
31746,115717,117025
31747,115718,117216
31748,115719,116943
31749,115720,116944
31750,115721,116946
31751,115722,116616
31752,115723,117814
31753,115724,116949
31754,115725,116950
31755,115726,117085
31756,115729,117133
31757,115731,117626
31758,115732,116954
31759,115733,117045
31760,115735,118340
31761,115736,117824
31762,115737,116647
31763,115738,117001
31764,115741,116458
31765,115742,116958
31766,115743,118484
31767,115744,116733
31768,115745,117059
31769,115746,116959
31770,115747,117060
31771,115749,116396
31772,115750,117064
31773,115751,117073
31774,115753,116983
31775,115754,116962
31776,115755,117015
31777,115756,117069
31778,115757,116938
31779,115758,116405
31780,115759,116471
31781,115760,118051
31782,115761,116982
31783,115762,118323
31784,115763,117169
31785,115764,117119
31786,115766,118208
31787,115767,117086
31788,115768,117295
31789,115769,116965
31790,115772,117299
31791,115773,116970
31792,115775,117491
31793,115776,118042
31794,115777,116957
31795,115780,116173
31796,115781,116974
31797,115783,117056
31798,115784,116976
31799,115785,116979
31800,115786,117294
31801,115788,116623
31802,115789,118089
31803,115790,117063
31804,115792,117962
31805,115793,118386
31806,115795,118093
31807,115796,116782
31808,115797,117210
31809,115798,117115
31810,115800,117117
31811,115801,116264
31812,115802,117143
31813,115804,116985
31814,115805,117006
31815,115806,116554
31816,115807,117127
31817,115808,116987
31818,115809,117911
31819,115811,117260
31820,115812,118243
31821,115813,117131
31822,115815,116990
31823,115816,117268
31824,115817,116932
31825,115818,116663
31826,115819,116813
31827,115822,117969
31828,115823,116978
31829,115824,116977
31830,115825,117322
31831,115827,117151
31832,115828,116995
31833,115829,116996
31834,115830,117245
31835,115831,118139
31836,115832,116997
31837,115833,117039
31838,115834,116896
31839,115835,117483
31840,115836,117014
31841,115837,117384
31842,115838,116830
31843,115841,116831
31844,115843,118306
31845,115844,118060
31846,115845,116838
31847,115847,117537
31848,115848,117751
31849,115849,117166
31850,115850,118357
31851,115851,117326
31852,115852,116500
31853,115854,116929
31854,115855,116948
31855,115857,118424
31856,115859,117179
31857,115860,117172
31858,115861,116941
31859,115862,116942
31860,115864,118153
31861,115865,117080
31862,115868,117693
31863,115869,117168
31864,115870,117183
31865,115871,116971
31866,115872,116435
31867,115875,117173
31868,115878,116880
31869,115880,117356
31870,115881,117031
31871,115884,117371
31872,115886,118180
31873,115888,118138
31874,115889,117171
31875,115890,118225
31876,115891,118143
31877,115893,116872
31878,115894,117128
31879,115897,118249
31880,115898,116989
31881,115899,117215
31882,115900,118174
31883,115902,117362
31884,115903,117374
31885,115906,118106
31886,115907,117879
31887,115910,117939
31888,115912,117225
31889,115913,117942
31890,115915,117386
31891,115917,117231
31892,115918,117232
31893,115919,117292
31894,115920,117344
31895,115921,117077
31896,115922,118363
31897,115923,118182
31898,115924,117895
31899,115925,117363
31900,115926,117747
31901,115927,116909
31902,115928,117636
31903,115929,118227
31904,115930,118184
31905,115931,116975
31906,115933,117436
31907,115939,117476
31908,115941,117784
31909,115943,117256
31910,115944,117914
31911,115945,116606
31912,115947,117614
31913,115949,117917
31914,115950,117475
31915,115952,117342
31916,115953,117648
31917,115954,116547
31918,115955,117639
31919,115956,118014
31920,115957,117469
31921,115958,117623
31922,115959,117429
31923,115961,116961
31924,115962,117360
31925,115963,117368
31926,115964,117482
31927,115965,116624
31928,115966,117378
31929,115967,117385
31930,115968,117487
31931,115970,117391
31932,115971,117723
31933,115972,118202
31934,115973,116778
31935,115974,117735
31936,115975,117404
31937,115976,118025
31938,115977,118085
31939,115978,117408
31940,115979,117411
31941,115980,118168
31942,115981,118037
31943,115984,117424
31944,115985,117425
31945,115986,117428
31946,115988,117640
31947,115989,117434
31948,115990,118096
31949,115991,117452
31950,115992,117437
31951,115993,117776
31952,115994,117632
31953,115995,117442
31954,115996,117468
31955,115997,117445
31956,115998,116487
31957,115999,116988
31958,116000,117454
31959,116001,116886
31960,116002,117138
31961,116003,117258
31962,116004,117463
31963,116005,116936
31964,116006,118134
31965,116008,117396
31966,116009,117472
31967,116010,117355
31968,116011,116646
31969,116012,117289
31970,116014,118152
31971,116015,117293
31972,116016,117461
31973,116017,117339
31974,116018,117340
31975,116019,117478
31976,116020,117135
31977,116021,117665
31978,116023,117390
31979,116024,118003
31980,116025,117347
31981,116026,117348
31982,116028,117767
31983,116029,117983
31984,116030,117324
31985,116032,118016
31986,116033,117030
31987,116034,117359
31988,116035,117278
31989,116036,117625
31990,116038,117565
31991,116039,116371
31992,116041,117279
31993,116042,117878
31994,116044,117571
31995,116046,117296
31996,116047,117281
31997,116049,117328
31998,116050,118028
31999,116051,116816
32000,116052,118435
32001,116053,117283
32002,116054,118032
32003,116057,117284
32004,116058,117379
32005,116060,117941
32006,116061,117602
32007,116063,117402
32008,116065,117304
32009,116067,117070
32010,116069,118080
32011,116071,117412
32012,116073,117290
32013,116074,116576
32014,116075,117630
32015,116077,117323
32016,116078,116741
32017,116081,117372
32018,116082,116743
32019,116083,117893
32020,116085,117949
32021,116086,117950
32022,116087,117508
32023,116088,117409
32024,116089,117644
32025,116090,117298
32026,116091,118066
32027,116092,117413
32028,116093,117511
32029,116094,118007
32030,116095,117905
32031,116096,117634
32032,116097,117098
32033,116098,117334
32034,116099,117953
32035,116101,116910
32036,116102,117422
32037,116103,118185
32038,116105,117302
32039,116106,117316
32040,116108,117303
32041,116110,117761
32042,116111,117764
32043,116113,117599
32044,116114,117305
32045,116115,117306
32046,116116,117440
32047,116117,117221
32048,116118,118120
32049,116119,117343
32050,116120,117308
32051,116121,117777
32052,116123,117310
32053,116124,117008
32054,116125,117261
32055,116128,117858
32056,116129,117346
32057,116130,117263
32058,116132,117312
32059,116135,117450
32060,116136,117277
32061,116137,117314
32062,116139,117456
32063,116140,117549
32064,116141,117613
32065,116142,117458
32066,116143,117140
32067,116144,116908
32068,116145,117270
32069,116147,117863
32070,116148,117319
32071,116149,117651
32072,116150,117300
32073,116151,117311
32074,116152,117865
32075,116153,117287
32076,116155,117367
32077,116157,117219
32078,116158,118158
32079,116159,116494
32080,116160,118056
32081,116161,117354
32082,116162,117995
32083,116164,116707
32084,116165,117486
32085,116166,117387
32086,116167,117400
32087,116168,117490
32088,116169,117345
32089,116170,117242
32090,116171,118398
32091,116172,116913
32092,116174,117317
32093,116175,118154
32094,116176,117321
32095,116178,117276
32096,116179,117500
32097,116180,117016
32098,116181,117501
32099,116183,117502
32100,116189,117365
32101,116190,117503
32102,116192,117167
32103,116193,117510
32104,116194,117558
32105,116195,118267
32106,116196,117505
32107,116198,117291
32108,116200,118148
32109,116201,118048
32110,116202,117509
32111,116203,117512
32112,116206,117517
32113,116207,118410
32114,116208,117522
32115,116209,118023
32116,116211,117681
32117,116212,116827
32118,116215,117734
32119,116216,117097
32120,116217,117615
32121,116219,118335
32122,116220,117419
32123,116221,117239
32124,116222,118240
32125,116223,116716
32126,116225,117705
32127,116226,117556
32128,116227,117872
32129,116228,118008
32130,116229,117901
32131,116230,117559
32132,116231,117943
32133,116233,117564
32134,116234,117791
32135,116235,116867
32136,116236,116737
32137,116237,117525
32138,116238,117046
32139,116240,117049
32140,116241,118030
32141,116243,118264
32142,116244,117884
32143,116245,117576
32144,116246,117130
32145,116247,117087
32146,116251,117399
32147,116252,117867
32148,116253,117897
32149,116254,117473
32150,116258,117902
32151,116261,117253
32152,116262,117769
32153,116263,118235
32154,116267,117598
32155,116269,116863
32156,116270,118390
32157,116271,117916
32158,116275,118238
32159,116277,117794
32160,116282,117810
32161,116284,116998
32162,116286,117875
32163,116287,117358
32164,116288,117999
32165,116289,117176
32166,116290,117861
32167,116291,118133
32168,116292,117018
32169,116293,117190
32170,116294,117593
32171,116295,117932
32172,116296,117697
32173,116298,117700
32174,116299,117847
32175,116300,118345
32176,116301,116871
32177,116302,117715
32178,116303,117552
32179,116306,117817
32180,116307,117716
32181,116308,117588
32182,116310,117646
32183,116311,118224
32184,116312,118371
32185,116313,117820
32186,116314,117790
32187,116316,117752
32188,116317,117616
32189,116318,117992
32190,116320,117642
32191,116321,117628
32192,116322,117775
32193,116324,117184
32194,116325,117195
32195,116327,117813
32196,116328,117708
32197,116329,117976
32198,116330,117792
32199,116331,118417
32200,116332,117796
32201,116333,116865
32202,116334,117551
32203,116335,116984
32204,116337,117669
32205,116338,117670
32206,116339,116881
32207,116340,118251
32208,116341,117920
32209,116342,117198
32210,116343,117673
32211,116344,117523
32212,116345,117694
32213,116346,116849
32214,116348,117605
32215,116349,117617
32216,116350,117921
32217,116351,117519
32218,116352,117868
32219,116353,117666
32220,116354,117811
32221,116355,117620
32222,116356,117520
32223,116357,117521
32224,116358,118186
32225,116359,117349
32226,116360,117812
32227,116361,117538
32228,116362,117874
32229,116363,117649
32230,116364,117622
32231,116366,117495
32232,116367,117930
32233,116368,117563
32234,116369,117526
32235,116370,117922
32236,116373,117685
32237,116374,117600
32238,116375,117561
32239,116379,117896
32240,116380,117570
32241,116384,117589
32242,116385,117397
32243,116386,118027
32244,116389,117711
32245,116391,117830
32246,116392,117375
32247,116394,117674
32248,116395,117351
32249,116397,118266
32250,116398,117529
32251,116399,117266
32252,116400,117643
32253,116401,117707
32254,116402,117657
32255,116403,117720
32256,116406,117818
32257,116408,117583
32258,116409,117443
32259,116411,117585
32260,116412,118057
32261,116413,117240
32262,116414,117736
32263,116415,117631
32264,116418,116747
32265,116419,117759
32266,116422,117601
32267,116423,116819
32268,116424,117741
32269,116425,117765
32270,116426,118273
32271,116427,118395
32272,116428,118372
32273,116429,117742
32274,116430,117659
32275,116431,117923
32276,116432,118229
32277,116433,117044
32278,116434,117732
32279,116436,117637
32280,116437,117855
32281,116439,117541
32282,116440,117755
32283,116441,117426
32284,116443,117582
32285,116445,117542
32286,116446,118219
32287,116447,118088
32288,116451,117439
32289,116452,117641
32290,116455,117706
32291,116456,117757
32292,116459,117650
32293,116460,117667
32294,116463,117435
32295,116464,117516
32296,116468,117546
32297,116469,118115
32298,116470,117787
32299,116472,117647
32300,116473,118122
32301,116474,117524
32302,116475,117457
32303,116476,117913
32304,116477,117611
32305,116478,118114
32306,116479,117862
32307,116480,118247
32308,116481,117797
32309,116482,117423
32310,116484,117842
32311,116485,117915
32312,116488,117553
32313,116489,117653
32314,116490,116883
32315,116491,117528
32316,116492,117555
32317,116495,117621
32318,116497,117560
32319,116498,117352
32320,116501,117066
32321,116502,117586
32322,116503,117629
32323,116505,117416
32324,116507,117497
32325,116509,117846
32326,116511,118157
32327,116512,117827
32328,116513,117828
32329,116514,117840
32330,116515,117829
32331,116516,117832
32332,116518,117834
32333,116520,118136
32334,116523,118223
32335,116526,117837
32336,116527,117843
32337,116528,117839
32338,116529,117841
32339,116536,118000
32340,116539,117633
32341,116540,117948
32342,116543,117833
32343,116544,117937
32344,116545,117498
32345,116546,117718
32346,116549,117852
32347,116550,117532
32348,116551,117535
32349,116552,117760
32350,116555,118124
32351,116556,116992
32352,116557,117869
32353,116558,117927
32354,116559,117873
32355,116560,118013
32356,116561,118099
32357,116565,117994
32358,116571,117849
32359,116572,117205
32360,116573,117228
32361,116575,117887
32362,116577,118426
32363,116579,118053
32364,116580,117236
32365,116581,118230
32366,116584,117870
32367,116586,118071
32368,116588,118076
32369,116589,118022
32370,116590,117247
32371,116592,117540
32372,116595,118480
32373,116596,118387
32374,116597,118234
32375,116598,117786
32376,116599,117774
32377,116602,117607
32378,116603,117545
32379,116605,117267
32380,116608,117209
32381,116610,118121
32382,116611,117273
32383,116613,118015
32384,116619,117885
32385,116620,117040
32386,116625,118354
32387,116633,118421
32388,116635,118365
32389,116641,118374
32390,116643,118108
32391,116644,117960
32392,116648,118095
32393,116649,118393
32394,116650,118097
32395,116651,117313
32396,116652,118397
32397,116653,118102
32398,116656,117940
32399,116657,117336
32400,116659,118119
32401,116661,118125
32402,116667,117979
32403,116671,117591
32404,116672,117686
32405,116673,117329
32406,116674,117709
32407,116676,117756
32408,116677,117678
32409,116678,117187
32410,116681,118196
32411,116682,117619
32412,116683,117997
32413,116684,117998
32414,116685,117977
32415,116686,118035
32416,116688,118001
32417,116689,118011
32418,116692,118006
32419,116697,117928
32420,116704,118204
32421,116705,117654
32422,116706,118068
32423,116708,117931
32424,116710,118075
32425,116713,117048
32426,116721,118034
32427,116722,118036
32428,116723,117656
32429,116725,118054
32430,116729,118045
32431,116732,117506
32432,116735,118039
32433,116740,117658
32434,116744,117398
32435,116749,117410
32436,116752,118067
32437,116753,118069
32438,116756,118226
32439,116758,117389
32440,116759,118073
32441,116760,117898
32442,116761,118275
32443,116762,117377
32444,116768,117957
32445,116769,117660
32446,116770,117826
32447,116771,117963
32448,116773,118107
32449,116774,116952
32450,116775,117996
32451,116777,117661
32452,116783,118188
32453,116785,117964
32454,116786,117394
32455,116787,117438
32456,116788,117907
32457,116789,118284
32458,116791,117908
32459,116793,118150
32460,116794,117956
32461,116795,117910
32462,116796,118151
32463,116797,117825
32464,116801,118082
32465,116804,118116
32466,116805,117788
32467,116806,117972
32468,116807,117973
32469,116810,117448
32470,116812,118288
32471,116826,117689
32472,116833,117731
32473,116834,117733
32474,116842,118155
32475,116845,118159
32476,116846,118162
32477,116847,117568
32478,116853,118161
32479,116856,118169
32480,116857,118167
32481,116858,118163
32482,116859,118065
32483,116860,118172
32484,116864,118160
32485,116868,118212
32486,116869,118342
32487,116870,117698
32488,116877,118370
32489,116879,117748
32490,116884,117596
32491,116887,118467
32492,116889,118330
32493,116891,118252
32494,116895,118024
32495,116898,118465
32496,116904,118221
32497,116905,117886
32498,116916,118232
32499,116917,118391
32500,116918,117580
32501,116921,118244
32502,116926,118405
32503,116927,117772
32504,116930,118414
32505,116931,118416
32506,116956,118029
32507,116964,118436
32508,116991,117459
32509,116999,118336
32510,117002,118144
32511,117003,118383
32512,117004,118351
32513,117005,117597
32514,117007,117489
32515,117009,118337
32516,117020,118004
32517,117022,118173
32518,117038,118294
32519,117050,117696
32520,117051,118049
32521,117054,117883
32522,117062,118302
32523,117071,118360
32524,117083,118366
32525,117084,117888
32526,117096,117415
32527,117103,118380
32528,117109,118311
32529,117120,118206
32530,117122,117891
32531,117139,118127
32532,117141,118046
32533,117145,117845
32534,117156,118429
32535,117157,118318
32536,117160,118164
32537,117164,118228
32538,117174,117680
32539,117178,117574
32540,117182,117579
32541,117185,118359
32542,117191,117417
32543,117192,117959
32544,117206,118441
32545,117207,118479
32546,117208,117903
32547,117217,117353
32548,117220,118373
32549,117223,118110
32550,117226,118126
32551,117233,117393
32552,117241,118222
32553,117243,117406
32554,117244,117467
32555,117250,118083
32556,117251,117513
32557,117254,117433
32558,117274,117926
32559,117297,118063
32560,117301,118072
32561,117307,118101
32562,117325,118010
32563,117327,118021
32564,117331,118137
32565,117333,117988
32566,117335,118087
32567,117338,118058
32568,117364,117990
32569,117376,118033
32570,117380,117986
32571,117381,118038
32572,117382,118242
32573,117418,117966
32574,117420,118170
32575,117427,118384
32576,117430,117991
32577,117446,118406
32578,117447,118407
32579,117460,118418
32580,117462,118181
32581,117470,118207
32582,117474,118446
32583,117477,117993
32584,117488,118140
32585,117492,117958
32586,117493,118187
32587,117578,118041
32588,117581,118218
32589,117587,118198
32590,117594,118118
32591,117595,118231
32592,117606,118282
32593,117638,118448
32594,117729,118396
32595,117876,118332
32596,116617,118175
32597,116369,118176
32598,115643,118177
32599,115970,118179
32600,117524,118191
32601,117142,118192
32602,118132,118194
32603,116680,118195
32604,116018,118197
32605,116689,118201
32606,117073,118215
32607,117232,118217
32608,117968,118260
32609,115640,118261
32610,116462,118268
32611,114483,118270
32612,116420,118278
32613,115679,118279
32614,114385,118292
32615,115689,118341
32616,116391,118346
32617,115598,118350
32618,115428,118376
32619,117470,118425
32620,116349,118427
32621,117351,118432
32622,116559,118433
32623,117998,118442
32624,115760,118443
32625,117483,118452
32626,116510,118469
32627,116859,118476
32628,116304,118492
32629,117407,118497
32630,116140,118556
32631,115933,118592
32632,116459,118594
32633,116803,118600
32634,116998,118606
32635,118647,120099
32636,118687,119425
32637,118733,119950
32638,118744,119972
32639,118769,119549
32640,118824,122474
32641,118826,120358
32642,118831,119156
32643,118843,119716
32644,118877,119962
32645,118893,123875
32646,118920,122292
32647,118931,120547
32648,119018,119369
32649,119049,119558
32650,119069,120063
32651,119082,119964
32652,119164,120350
32653,119268,120272
32654,119287,119980
32655,119338,119854
32656,119398,121321
32657,119454,120337
32658,119461,120472
32659,119527,120069
32660,119528,120626
32661,119571,121972
32662,119573,120361
32663,119612,120843
32664,119614,121927
32665,119616,123186
32666,119617,123317
32667,119618,121553
32668,119619,123273
32669,119620,123276
32670,119621,123277
32671,119622,123278
32672,119624,122438
32673,119625,121986
32674,119633,121677
32675,119634,122842
32676,119635,123209
32677,119637,123310
32678,119640,123342
32679,119642,121588
32680,119643,123356
32681,119644,121589
32682,119647,122127
32683,119648,121724
32684,119649,121574
32685,119650,122266
32686,119652,123198
32687,119655,123232
32688,119656,123235
32689,119657,123390
32690,119658,123394
32691,119659,123395
32692,119661,122802
32693,119662,123286
32694,119665,122262
32695,119666,122220
32696,119667,122454
32697,119669,120798
32698,119681,123264
32699,119682,121983
32700,119686,123135
32701,119687,121715
32702,119688,123234
32703,119690,123191
32704,119691,123205
32705,119697,122154
32706,119698,121976
32707,119699,121353
32708,119705,123292
32709,119708,121610
32710,119709,121657
32711,119711,123300
32712,119719,123227
32713,119720,121662
32714,119726,123318
32715,119727,121569
32716,119729,121572
32717,119738,123203
32718,119739,123008
32719,119743,123248
32720,119745,123217
32721,119748,121796
32722,119749,123345
32723,119753,123220
32724,119754,121712
32725,119756,121713
32726,119757,123223
32727,119762,121725
32728,119776,123252
32729,119779,122071
32730,119780,121607
32731,119783,123239
32732,119784,123240
32733,119785,121939
32734,119786,123241
32735,119793,120760
32736,119796,120960
32737,119799,122663
32738,119800,120962
32739,119821,123291
32740,119824,123285
32741,119862,120649
32742,119932,120226
32743,120012,120119
32744,120051,122466
32745,120090,122384
32746,120201,123361
32747,120217,121593
32748,120219,123177
32749,120253,120780
32750,120276,120577
32751,120286,123225
32752,120348,122436
32753,120365,122352
32754,120402,121483
32755,120479,121145
32756,120516,122014
32757,120522,121453
32758,120529,122164
32759,120532,121979
32760,120534,121894
32761,120543,123439
32762,120544,121505
32763,120545,122019
32764,120546,122024
32765,120550,123486
32766,120552,122038
32767,120554,121493
32768,120558,122046
32769,120563,122054
32770,120574,121293
32771,120576,123216
32772,120578,122087
32773,120579,122539
32774,120583,123378
32775,120586,121221
32776,120588,122131
32777,120589,122377
32778,120596,121941
32779,120597,122690
32780,120604,123698
32781,120606,121248
32782,120609,121973
32783,120611,121392
32784,120620,122057
32785,120621,122586
32786,120623,121923
32787,120624,123379
32788,120634,122763
32789,120635,121994
32790,120636,122079
32791,120637,121949
32792,120650,122082
32793,120658,121902
32794,120659,121903
32795,120660,122023
32796,120661,121897
32797,120664,121910
32798,120667,121909
32799,120670,121920
32800,120680,123686
32801,120681,121956
32802,120682,122202
32803,120687,121936
32804,120688,121459
32805,120689,122617
32806,120690,122554
32807,120691,122551
32808,120692,122945
32809,120694,122742
32810,120695,121831
32811,120698,122061
32812,120699,121997
32813,120701,122083
32814,120703,122574
32815,120704,122964
32816,120708,121447
32817,120709,122477
32818,120710,123202
32819,120717,122337
32820,120720,123324
32821,120722,122348
32822,120723,122846
32823,120724,121694
32824,120725,122123
32825,120732,122857
32826,120737,121595
32827,120738,122760
32828,120745,123382
32829,120747,121935
32830,120749,122573
32831,120750,122571
32832,120752,121934
32833,120753,121880
32834,120754,121966
32835,120759,122831
32836,120761,122009
32837,120765,123341
32838,120767,121995
32839,120771,121952
32840,120774,122149
32841,120775,122112
32842,120776,122462
32843,120778,123193
32844,120779,123172
32845,120782,121832
32846,120783,122618
32847,120784,121896
32848,120785,122119
32849,120786,123477
32850,120787,122008
32851,120788,122557
32852,120789,122120
32853,120791,122177
32854,120792,121944
32855,120794,122799
32856,120795,122181
32857,120796,122656
32858,120800,123359
32859,120801,123204
32860,120802,122129
32861,120803,122761
32862,120805,122757
32863,120806,122733
32864,120807,122481
32865,120808,121804
32866,120811,122638
32867,120814,123512
32868,120818,121829
32869,120822,121722
32870,120823,121688
32871,120824,123511
32872,120829,122898
32873,120831,122448
32874,120832,123513
32875,120834,121705
32876,120835,121706
32877,120837,122289
32878,120839,123542
32879,120840,123544
32880,120841,121750
32881,120846,121959
32882,120847,123028
32883,120850,122972
32884,120851,122389
32885,120852,122788
32886,120853,122300
32887,120854,122829
32888,120855,121946
32889,120856,121981
32890,120858,122313
32891,120859,123624
32892,120860,122078
32893,120861,122730
32894,120862,122429
32895,120863,121836
32896,120864,122165
32897,120865,121818
32898,120866,122773
32899,120871,122013
32900,120874,122031
32901,120875,121837
32902,120876,122142
32903,120878,121816
32904,120879,122186
32905,120880,121863
32906,120883,121407
32907,120890,121427
32908,120891,121879
32909,120892,121838
32910,120893,123581
32911,120894,122147
32912,120895,122239
32913,120896,123258
32914,120897,121571
32915,120898,122889
32916,120899,122205
32917,120900,122252
32918,120901,122422
32919,120904,121887
32920,120907,121985
32921,120909,122317
32922,120910,123609
32923,120911,122176
32924,120912,122236
32925,120913,122174
32926,120914,122327
32927,120915,121568
32928,120916,122895
32929,120917,123408
32930,120919,123000
32931,120920,122218
32932,120921,122489
32933,120922,121904
32934,120923,122321
32935,120925,122367
32936,120926,123081
32937,120927,122938
32938,120928,123489
32939,120929,122235
32940,120930,122371
32941,120931,123649
32942,120932,122902
32943,120933,122376
32944,120934,122293
32945,120935,122579
32946,120936,122862
32947,120937,122905
32948,120938,122243
32949,120939,121448
32950,120940,122191
32951,120941,122726
32952,120942,123661
32953,120943,122369
32954,120944,122401
32955,120947,122248
32956,120950,122310
32957,120951,122198
32958,120952,122364
32959,120953,123068
32960,120954,122741
32961,120955,122258
32962,120956,122088
32963,120957,122433
32964,120959,122203
32965,120961,122259
32966,120963,122423
32967,120964,122251
32968,120965,122814
32969,120967,122274
32970,120968,122270
32971,120969,122271
32972,120971,123631
32973,120972,122032
32974,120973,123179
32975,120974,123418
32976,120975,122276
32977,120976,122854
32978,120977,123043
32979,120978,122279
32980,120979,122795
32981,120980,122887
32982,120981,123171
32983,120982,122207
32984,120983,122373
32985,120984,123029
32986,120986,122816
32987,120988,123693
32988,120989,122260
32989,120990,122285
32990,120991,121892
32991,120994,121971
32992,120995,122519
32993,120996,123282
32994,121001,122718
32995,121004,123134
32996,121005,122211
32997,121007,122447
32998,121008,122353
32999,121009,122320
33000,121011,122894
33001,121013,121660
33002,121014,122319
33003,121015,122333
33004,121016,122216
33005,121017,123009
33006,121018,121650
33007,121019,122648
33008,121020,122806
33009,121021,122167
33010,121022,123111
33011,121023,122330
33012,121024,122331
33013,121025,121673
33014,121026,122334
33015,121027,122987
33016,121028,123336
33017,121029,123224
33018,121030,122097
33019,121031,123325
33020,121032,122339
33021,121035,122668
33022,121036,123138
33023,121037,122449
33024,121039,122351
33025,121040,122899
33026,121042,122678
33027,121043,122208
33028,121044,122230
33029,121045,122231
33030,121047,122356
33031,121048,122452
33032,121050,122453
33033,121052,121771
33034,121055,122166
33035,121057,121527
33036,121058,122238
33037,121059,123025
33038,121063,122456
33039,121066,122064
33040,121067,122385
33041,121069,122386
33042,121070,123042
33043,121071,122480
33044,121073,122906
33045,121074,122444
33046,121076,122725
33047,121077,122020
33048,121078,123020
33049,121079,122729
33050,121080,122372
33051,121081,122246
33052,121082,122234
33053,121083,123060
33054,121086,122405
33055,121087,123304
33056,121089,122075
33057,121090,121291
33058,121091,121993
33059,121094,122132
33060,121095,122253
33061,121096,122911
33062,121099,122257
33063,121101,122418
33064,121102,121757
33065,121103,122413
33066,121105,122219
33067,121106,123184
33068,121107,122277
33069,121108,122888
33070,121110,122299
33071,121112,121764
33072,121113,122754
33073,121114,122985
33074,121115,122547
33075,121119,121913
33076,121120,122566
33077,121121,122390
33078,121122,122411
33079,121124,122410
33080,121126,122435
33081,121130,122305
33082,121132,122306
33083,121133,122434
33084,121135,122344
33085,121136,122450
33086,121137,122441
33087,121138,122451
33088,121140,123156
33089,121142,122457
33090,121143,123367
33091,121144,122360
33092,121146,122870
33093,121147,122983
33094,121148,122361
33095,121149,123129
33096,121150,122827
33097,121151,123299
33098,121152,122893
33099,121153,122784
33100,121155,123118
33101,121156,122095
33102,121159,122499
33103,121160,122851
33104,121164,123598
33105,121165,123178
33106,121166,122796
33107,121168,123180
33108,121169,123125
33109,121170,122662
33110,121171,122565
33111,121172,122536
33112,121173,122478
33113,121174,122783
33114,121177,122162
33115,121178,122563
33116,121179,122487
33117,121180,122982
33118,121181,123115
33119,121183,122492
33120,121184,122531
33121,121187,121875
33122,121190,123621
33123,121191,122187
33124,121192,123116
33125,121193,123442
33126,121194,123480
33127,121195,122697
33128,121196,122033
33129,121197,123485
33130,121198,123155
33131,121200,122700
33132,121205,122583
33133,121207,123175
33134,121211,122459
33135,121212,122524
33136,121214,122522
33137,121215,122879
33138,121218,122532
33139,121220,122273
33140,121223,122616
33141,121224,123403
33142,121225,123189
33143,121226,121964
33144,121228,121967
33145,121230,122749
33146,121233,122630
33147,121234,122294
33148,121235,122304
33149,121236,121915
33150,121237,122642
33151,121238,121991
33152,121239,122645
33153,121240,122003
33154,121241,122658
33155,121242,123206
33156,121243,122224
33157,121244,122324
33158,121245,123308
33159,121247,123211
33160,121250,122560
33161,121251,122682
33162,121252,122684
33163,121254,122693
33164,121256,122695
33165,121257,123444
33166,121258,123353
33167,121259,122581
33168,121260,123357
33169,121261,122381
33170,121262,121717
33171,121263,122711
33172,121264,122105
33173,121266,122649
33174,121267,123210
33175,121268,122550
33176,121269,123385
33177,121270,122707
33178,121271,122070
33179,121272,122875
33180,121274,123105
33181,121275,123237
33182,121276,122881
33183,121277,122764
33184,121279,122340
33185,121280,122614
33186,121281,123026
33187,121282,122153
33188,121283,122750
33189,121284,122751
33190,121285,122599
33191,121286,123247
33192,121287,122017
33193,121288,123024
33194,121289,122647
33195,121292,122747
33196,121294,122610
33197,121295,123343
33198,121296,122603
33199,121297,122604
33200,121298,122643
33201,121300,123259
33202,121301,122338
33203,121302,122608
33204,121303,122671
33205,121305,122275
33206,121306,122767
33207,121307,122933
33208,121308,122762
33209,121309,121948
33210,121310,122612
33211,121311,122937
33212,121312,123188
33213,121313,121893
33214,121314,122179
33215,121315,123590
33216,121316,121883
33217,121317,122213
33218,121318,122723
33219,121319,122102
33220,121320,121969
33221,121322,122585
33222,121328,123290
33223,121329,122772
33224,121330,122771
33225,121331,122214
33226,121333,122578
33227,121334,122635
33228,121335,121987
33229,121337,122641
33230,121339,123281
33231,121340,122661
33232,121342,121996
33233,121343,123266
33234,121344,122137
33235,121345,122655
33236,121346,122555
33237,121347,123326
33238,121348,122989
33239,121349,122804
33240,121351,122521
33241,121352,122719
33242,121355,123269
33243,121356,123254
33244,121357,122121
33245,121358,123425
33246,121359,122675
33247,121360,122676
33248,121361,123330
33249,121362,123004
33250,121363,123331
33251,121364,122830
33252,121365,122680
33253,121366,123402
33254,121368,122354
33255,121369,122564
33256,121370,122108
33257,121371,122683
33258,121372,122552
33259,121373,122029
33260,121374,122900
33261,121375,122743
33262,121377,122692
33263,121378,122036
33264,121380,122570
33265,121382,122916
33266,121383,122650
33267,121384,122917
33268,121385,122044
33269,121387,123222
33270,121388,122702
33271,121390,123274
33272,121391,122735
33273,121393,122860
33274,121394,123035
33275,121395,122779
33276,121397,122128
33277,121398,122106
33278,121399,122520
33279,121400,122606
33280,121401,122582
33281,121402,123294
33282,121403,123221
33283,121405,123228
33284,121406,123229
33285,121409,122808
33286,121412,122731
33287,121413,122538
33288,121415,121926
33289,121416,122249
33290,121418,122713
33291,121419,122588
33292,121420,123659
33293,121422,123085
33294,121423,121931
33295,121424,123373
33296,121425,123272
33297,121426,123443
33298,121428,122601
33299,121429,122596
33300,121430,121937
33301,121431,122549
33302,121433,121760
33303,121434,123153
33304,121435,122537
33305,121436,122787
33306,121438,122488
33307,121440,123293
33308,121441,122752
33309,121442,122753
33310,121443,122598
33311,121444,123301
33312,121446,123409
33313,121449,122873
33314,121450,122590
33315,121451,123393
33316,121452,122419
33317,121454,122765
33318,121455,122130
33319,121456,122609
33320,121457,123101
33321,121458,122437
33322,121460,122632
33323,121461,123413
33324,121462,123095
33325,121463,122781
33326,121464,122709
33327,121465,122490
33328,121466,122657
33329,121469,122999
33330,121470,122117
33331,121471,122775
33332,121473,122114
33333,121474,122572
33334,121476,122852
33335,121478,122458
33336,121480,122460
33337,121481,122540
33338,121482,122818
33339,121486,122465
33340,121488,123584
33341,121489,122427
33342,121492,122728
33343,121494,122793
33344,121495,122786
33345,121496,122815
33346,121497,122817
33347,121498,123455
33348,121499,123458
33349,121500,122840
33350,121501,123460
33351,121502,123151
33352,121506,122821
33353,121507,123132
33354,121508,122628
33355,121509,123733
33356,121510,123466
33357,121511,122159
33358,121512,123490
33359,121513,122636
33360,121514,122155
33361,121515,122393
33362,121516,122794
33363,121517,122471
33364,121519,122727
33365,121520,123494
33366,121522,122559
33367,121525,122486
33368,121526,123472
33369,121528,123653
33370,121529,122849
33371,121530,123306
33372,121532,123168
33373,121533,123481
33374,121534,123375
33375,121536,123441
33376,121537,122805
33377,121538,123506
33378,121543,122529
33379,121545,122813
33380,121547,122605
33381,121549,122848
33382,121550,123106
33383,121555,122622
33384,121556,122621
33385,121557,122952
33386,121558,123437
33387,121560,122832
33388,121561,123374
33389,121562,123295
33390,121563,122442
33391,121564,123032
33392,121565,122834
33393,121566,122395
33394,121567,122835
33395,121570,123320
33396,121573,122878
33397,121575,122561
33398,121576,122544
33399,121578,122175
33400,121579,123334
33401,121580,122850
33402,121581,122971
33403,121583,122853
33404,121584,122855
33405,121590,122705
33406,121591,122903
33407,121592,122240
33408,121594,122838
33409,121597,123054
33410,121598,122535
33411,121599,122874
33412,121600,122734
33413,121601,122197
33414,121602,123121
33415,121604,122877
33416,121609,122592
33417,121611,122745
33418,121612,122145
33419,121613,123123
33420,121614,122918
33421,121615,122837
33422,121616,122225
33423,121617,123580
33424,121618,122923
33425,121619,122925
33426,121620,123389
33427,121622,122732
33428,121625,123553
33429,121627,122969
33430,121628,123587
33431,121629,122782
33432,121630,122615
33433,121631,122822
33434,121634,122890
33435,121635,123107
33436,121637,122944
33437,121638,122533
33438,121639,121970
33439,121641,123279
33440,121642,122543
33441,121643,122545
33442,121644,123076
33443,121645,122625
33444,121646,122826
33445,121647,122156
33446,121648,123669
33447,121649,122541
33448,121651,122308
33449,121654,123195
33450,121655,123127
33451,121656,123192
33452,121659,123302
33453,121661,123215
33454,121664,123251
33455,121665,122646
33456,121666,123139
33457,121667,122979
33458,121668,123097
33459,121669,123618
33460,121670,123619
33461,121675,123093
33462,121676,123143
33463,121678,123207
33464,121679,123407
33465,121683,123100
33466,121684,123080
33467,121687,122672
33468,121689,122756
33469,121690,122674
33470,121691,122679
33471,121693,123003
33472,121697,123333
33473,121698,123656
33474,121699,122907
33475,121700,122688
33476,121701,123404
33477,121702,122774
33478,121704,123641
33479,121709,122872
33480,121711,123347
33481,121714,122858
33482,121716,122921
33483,121718,122383
33484,121719,123090
33485,121720,123625
33486,121721,123040
33487,121723,123165
33488,121726,123662
33489,121727,122721
33490,121728,123416
33491,121729,122704
33492,121730,122934
33493,121734,123642
33494,121736,122738
33495,121737,123053
33496,121738,123055
33497,121739,123671
33498,121741,122406
33499,121742,123011
33500,121743,122876
33501,121744,123372
33502,121745,122534
33503,121746,123639
33504,121747,122739
33505,121748,122810
33506,121752,123588
33507,121753,123392
33508,121758,123398
33509,121759,122946
33510,121761,123265
33511,121762,122812
33512,121765,122986
33513,121766,122424
33514,121767,122098
33515,121768,123016
33516,121769,123482
33517,121770,123411
33518,121772,122575
33519,121774,122587
33520,121775,123388
33521,121776,123122
33522,121777,123712
33523,121778,122811
33524,121779,123087
33525,121780,122932
33526,121783,123131
33527,121785,122789
33528,121786,122637
33529,121787,122639
33530,121788,122792
33531,121789,123140
33532,121790,123321
33533,121791,122980
33534,121793,123098
33535,121795,123015
33536,121797,123088
33537,121800,123036
33538,121802,123103
33539,121806,123263
33540,121807,123126
33541,121811,123525
33542,121814,123352
33543,121817,123162
33544,121821,123668
33545,121822,123509
33546,121823,123183
33547,121824,123261
33548,121825,123136
33549,121827,123187
33550,121833,122629
33551,121835,122484
33552,121839,122467
33553,121841,123473
33554,121842,123141
33555,121843,123142
33556,121845,123145
33557,121846,123335
33558,121848,123149
33559,121849,122797
33560,121850,123108
33561,121851,123284
33562,121852,122493
33563,121856,122845
33564,121857,122801
33565,121860,123271
33566,121861,123497
33567,121864,123041
33568,121867,123446
33569,121868,123120
33570,121869,122869
33571,121870,123167
33572,121872,123720
33573,121873,123164
33574,121876,123061
33575,121877,123173
33576,121878,122525
33577,121881,122884
33578,121885,123464
33579,121886,122295
33580,121888,123067
33581,121890,122910
33582,121895,123614
33583,121899,123319
33584,121900,123527
33585,121905,123470
33586,121906,123532
33587,121907,123117
33588,121908,122687
33589,121911,123589
33590,121914,123751
33591,121916,122576
33592,121917,122577
33593,121918,123655
33594,121919,123262
33595,121922,122841
33596,121924,122868
33597,121928,123677
33598,121929,122737
33599,121933,122912
33600,121940,122950
33601,121942,122967
33602,121943,123244
33603,121945,123245
33604,121947,123208
33605,121951,123182
33606,121953,123256
33607,121954,122440
33608,121955,123070
33609,121957,123185
33610,121958,123089
33611,121960,123268
33612,121962,123516
33613,121965,122620
33614,121968,123358
33615,121975,123396
33616,121980,123377
33617,121988,123417
33618,121989,122914
33619,121990,123523
33620,121992,123305
33621,122001,122686
33622,122002,123316
33623,122004,123595
33624,122007,122556
33625,122012,123323
33626,122016,123632
33627,122021,123427
33628,122026,123634
33629,122027,123369
33630,122028,123636
33631,122030,122567
33632,122034,122710
33633,122037,122503
33634,122039,123218
33635,122041,123431
33636,122042,122758
33637,122047,122823
33638,122048,122706
33639,122049,123540
33640,122051,123362
33641,122052,122717
33642,122053,123255
33643,122059,123366
33644,122062,123344
33645,122065,123613
33646,122066,123433
33647,122067,123670
33648,122069,123381
33649,122072,123383
33650,122074,122736
33651,122076,123547
33652,122077,122589
33653,122086,123069
33654,122089,123399
33655,122090,123685
33656,122091,122920
33657,122092,123704
33658,122093,123094
33659,122094,123078
33660,122096,123406
33661,122099,122666
33662,122100,123628
33663,122103,122998
33664,122104,123412
33665,122107,122716
33666,122109,123348
33667,122110,123376
33668,122111,123260
33669,122122,123329
33670,122125,123737
33671,122126,122913
33672,122135,123309
33673,122139,123483
33674,122141,123340
33675,122143,122785
33676,122144,123086
33677,122157,123130
33678,122169,122839
33679,122172,123113
33680,122183,123626
33681,122184,123491
33682,122185,123493
33683,122188,123104
33684,122189,123160
33685,122192,123451
33686,122193,123667
33687,122195,123463
33688,122196,123676
33689,122199,122882
33690,122204,123201
33691,122206,123646
33692,122209,123288
33693,122210,123289
33694,122212,123328
33695,122215,123230
33696,122217,123339
33697,122221,123311
33698,122229,122847
33699,122233,123645
33700,122241,123226
33701,122247,122891
33702,122250,123386
33703,122255,123672
33704,122256,123683
33705,122261,123592
33706,122263,123611
33707,122264,123250
33708,122265,123650
33709,122267,123647
33710,122269,123630
33711,122281,123270
33712,122287,123534
33713,122288,123591
33714,122290,123150
33715,122291,123557
33716,122297,122825
33717,122303,123197
33718,122307,123447
33719,122309,123522
33720,122316,123457
33721,122318,123566
33722,122322,123307
33723,122323,123694
33724,122325,122901
33725,122326,122977
33726,122328,123440
33727,122342,123096
33728,122346,122929
33729,122347,123313
33730,122349,123327
33731,122350,123212
33732,122355,123635
33733,122358,123637
33734,122359,123484
33735,122366,123397
33736,122368,123535
33737,122370,123573
33738,122382,123654
33739,122396,123371
33740,122397,123469
33741,122399,123430
33742,122403,123545
33743,122408,123233
33744,122412,123517
33745,122414,123039
33746,122416,123551
33747,122417,123238
33748,122420,123675
33749,122421,123574
33750,122428,123629
33751,122431,122685
33752,122439,123092
33753,122461,123453
33754,122464,123109
33755,122468,123695
33756,122482,123133
33757,122483,123638
33758,122496,123148
33759,122500,122673
33760,122502,123154
33761,122504,122699
33762,122505,123612
33763,122506,123732
33764,122507,122701
33765,122508,122703
33766,122509,123355
33767,122512,123082
33768,122516,123370
33769,122528,122740
33770,122562,123391
33771,122569,123640
33772,122584,123214
33773,122593,123450
33774,122594,123267
33775,122595,123401
33776,122597,123346
33777,122600,123350
33778,122623,123242
33779,122634,123410
33780,122651,123312
33781,122652,123424
33782,122654,123314
33783,122664,123462
33784,122665,123467
33785,122667,123322
33786,122670,123701
33787,122681,123332
33788,122689,123338
33789,122696,123249
33790,122698,123243
33791,122708,123360
33792,122712,123496
33793,122714,123414
33794,122722,123368
33795,122746,123253
33796,122748,123280
33797,122755,123528
33798,122766,123617
33799,122769,123420
33800,122770,123426
33801,122776,123428
33802,122778,123432
33803,122780,123665
33804,122791,123387
33805,122807,123503
33806,122856,123219
33807,122861,123606
33808,122880,123607
33809,123064,123708
33810,123196,123438
33811,121009,123423
33812,121931,123434
33813,120959,123435
33814,120695,123436
33815,123240,123449
33816,122811,123452
33817,122925,123454
33818,121960,123459
33819,122835,123474
33820,121345,123476
33821,119635,123478
33822,123487,123736
33823,121415,123505
33824,120916,123526
33825,122905,123536
33826,121713,123537
33827,123272,123550
33828,122120,123562
33829,121310,123586
33830,123196,123601
33831,123265,123610
33832,122531,123622
33833,120659,123648
33834,122248,123673
33835,119776,123679
33836,121027,123696
33837,122411,123707
33838,121004,123716
33839,120973,123724
33840,120964,123728
33841,121902,123734
33842,121500,123750
33843,121426,123755
33844,122420,123818
33845,121536,123835
33846,123011,123842
33847,123323,123864
33848,122761,123878
33849,123891,125014
33850,123938,126215
33851,123997,125956
33852,124060,124916
33853,124073,125429
33854,124076,125820
33855,124134,128913
33856,124140,125230
33857,124147,125422
33858,124292,125795
33859,124313,125215
33860,124373,124654
33861,124374,125466
33862,124423,125275
33863,124435,125442
33864,124663,125967
33865,124686,127557
33866,124704,125004
33867,124721,125293
33868,124736,125285
33869,124755,125645
33870,124770,125113
33871,124785,127279
33872,124796,125934
33873,124803,125784
33874,124810,125472
33875,124820,128346
33876,124831,125589
33877,124832,126143
33878,124837,126296
33879,124844,128657
33880,124846,126742
33881,124847,128664
33882,124854,125516
33883,124855,127736
33884,124858,128727
33885,124859,128258
33886,124860,125412
33887,124877,127560
33888,124890,127814
33889,124894,126731
33890,124900,126998
33891,124902,127320
33892,124904,126390
33893,124929,128342
33894,124949,128556
33895,124957,127150
33896,124958,128560
33897,124970,127294
33898,124979,128573
33899,124980,127296
33900,124983,128103
33901,125010,128221
33902,125083,125571
33903,125087,127384
33904,125097,126987
33905,125116,126231
33906,125117,125465
33907,125125,125983
33908,125129,126498
33909,125131,126174
33910,125140,125313
33911,125151,127345
33912,125224,125529
33913,125229,127314
33914,125237,126052
33915,125241,127301
33916,125248,127306
33917,125251,128180
33918,125350,125507
33919,125424,128849
33920,125431,128970
33921,125489,128965
33922,125504,128964
33923,125545,128945
33924,125556,129007
33925,125568,128848
33926,125570,128204
33927,125608,128839
33928,125667,127427
33929,125689,128871
33930,125721,126472
33931,125724,126607
33932,125725,127046
33933,125729,127081
33934,125730,127996
33935,125756,127245
33936,125759,128183
33937,125763,128831
33938,125770,127982
33939,125771,128861
33940,125782,128835
33941,125785,128944
33942,125787,127743
33943,125792,128975
33944,125793,128928
33945,125802,127273
33946,125803,127094
33947,125807,126960
33948,125813,128990
33949,125814,128069
33950,125815,128982
33951,125817,126957
33952,125819,128851
33953,125831,128994
33954,125833,128515
33955,125834,127260
33956,125835,128968
33957,125836,128998
33958,125839,126982
33959,125840,127619
33960,125851,126883
33961,125854,128062
33962,125863,127409
33963,125869,127722
33964,125872,128836
33965,125874,128621
33966,125877,128634
33967,125879,128665
33968,125883,128853
33969,125884,128652
33970,125885,127527
33971,125886,126954
33972,125888,127070
33973,125889,128673
33974,125900,128869
33975,125908,128511
33976,125909,128533
33977,125910,127504
33978,125911,128513
33979,125912,127879
33980,125913,128516
33981,125917,126529
33982,125924,127671
33983,125926,127022
33984,125928,127392
33985,125931,127516
33986,125932,127780
33987,125933,127044
33988,125935,128534
33989,125936,127049
33990,125941,128169
33991,125942,127489
33992,125944,128527
33993,125946,128544
33994,125949,127413
33995,125950,127846
33996,125953,126647
33997,125957,128567
33998,125958,128561
33999,125960,127484
34000,125965,127552
34001,125969,127880
34002,125972,127890
34003,125973,126672
34004,125974,127589
34005,125975,128592
34006,125976,128555
34007,125977,128598
34008,125978,127382
34009,125979,127347
34010,125980,127570
34011,125982,128661
34012,125984,128088
34013,125985,127576
34014,125986,127368
34015,125988,127372
34016,125989,127211
34017,125991,127393
34018,125992,127394
34019,125994,128566
34020,125995,127398
34021,125996,127403
34022,125997,127957
34023,125998,127330
34024,125999,127406
34025,126000,128042
34026,126001,127078
34027,126002,127479
34028,126003,127463
34029,126004,127412
34030,126005,127415
34031,126006,127422
34032,126007,128535
34033,126008,128246
34034,126009,127442
34035,126010,128559
34036,126011,127426
34037,126012,126651
34038,126013,128553
34039,126014,128521
34040,126015,127292
34041,126016,127343
34042,126017,127887
34043,126019,127944
34044,126020,127446
34045,126021,128728
34046,126022,127452
34047,126023,129031
34048,126024,127621
34049,126025,128636
34050,126026,128586
34051,126028,128736
34052,126029,126507
34053,126030,127461
34054,126034,128696
34055,126037,128710
34056,126038,127758
34057,126041,128109
34058,126043,127635
34059,126044,128758
34060,126045,127319
34061,126046,128595
34062,126048,127729
34063,126049,127229
34064,126050,128111
34065,126053,128686
34066,126055,127795
34067,126057,128605
34068,126061,127520
34069,126062,127254
34070,126065,127796
34071,126067,127766
34072,126068,127192
34073,126070,127871
34074,126071,127355
34075,126072,126940
34076,126073,126941
34077,126074,128305
34078,126075,128308
34079,126076,128190
34080,126077,127366
34081,126079,127264
34082,126081,128289
34083,126082,127274
34084,126083,129025
34085,126084,127277
34086,126085,128973
34087,126086,127303
34088,126088,127354
34089,126089,127205
34090,126090,127383
34091,126092,127443
34092,126093,127797
34093,126094,127585
34094,126096,128792
34095,126097,127691
34096,126099,127146
34097,126100,127271
34098,126101,127258
34099,126103,128541
34100,126104,128242
34101,126105,128691
34102,126106,127275
34103,126108,128489
34104,126109,127278
34105,126110,126502
34106,126111,128040
34107,126113,127407
34108,126114,128089
34109,126115,128674
34110,126116,127280
34111,126119,128810
34112,126120,127281
34113,126121,127416
34114,126122,127721
34115,126124,128645
34116,126126,128698
34117,126127,127423
34118,126128,127286
34119,126129,127399
34120,126130,127285
34121,126131,127219
34122,126133,127282
34123,126134,127430
34124,126137,128073
34125,126138,127436
34126,126139,126653
34127,126140,128707
34128,126141,128590
34129,126142,128385
34130,126146,128087
34131,126147,127943
34132,126150,127295
34133,126152,127124
34134,126155,127449
34135,126156,128575
34136,126157,128748
34137,126158,127298
34138,126159,127770
34139,126160,127622
34140,126161,127376
34141,126162,127965
34142,126163,127316
34143,126165,127256
34144,126167,127956
34145,126171,126898
34146,126172,127311
34147,126173,128551
34148,126175,127429
34149,126177,128814
34150,126178,127441
34151,126179,128041
34152,126180,127130
34153,126181,128453
34154,126182,127312
34155,126183,127335
34156,126184,127287
34157,126185,127276
34158,126186,127261
34159,126189,127843
34160,126190,126884
34161,126191,128959
34162,126192,128971
34163,126193,128417
34164,126194,127284
34165,126195,128981
34166,126196,127267
34167,126197,127468
34168,126198,127469
34169,126200,127470
34170,126201,127637
34171,126202,127812
34172,126204,128288
34173,126205,126873
34174,126211,128477
34175,126212,127408
34176,126216,127482
34177,126217,128004
34178,126218,127707
34179,126222,127991
34180,126223,127639
34181,126227,128483
34182,126228,127882
34183,126230,127836
34184,126232,128470
34185,126234,127170
34186,126235,126877
34187,126236,127194
34188,126239,127842
34189,126240,127855
34190,126241,127370
34191,126242,127970
34192,126243,127158
34193,126244,128435
34194,126245,127682
34195,126246,128327
34196,126248,127209
34197,126250,127781
34198,126251,126950
34199,126252,128815
34200,126254,128739
34201,126255,127753
34202,126256,128776
34203,126257,128492
34204,126258,128495
34205,126260,126907
34206,126261,127728
34207,126264,127874
34208,126265,128215
34209,126266,128903
34210,126268,127131
34211,126269,127666
34212,126270,128822
34213,126271,127860
34214,126273,127447
34215,126275,127502
34216,126276,127761
34217,126277,128451
34218,126280,127485
34219,126281,127454
34220,126282,127501
34221,126283,128225
34222,126285,126996
34223,126287,128361
34224,126288,127248
34225,126289,128283
34226,126290,127563
34227,126292,127653
34228,126293,127300
34229,126294,127655
34230,126295,127658
34231,126297,127473
34232,126298,127903
34233,126299,127584
34234,126300,127676
34235,126302,128197
34236,126303,127684
34237,126304,128558
34238,126305,127741
34239,126306,127689
34240,126307,127690
34241,126309,128375
34242,126310,127695
34243,126311,127701
34244,126312,127396
34245,126313,127702
34246,126314,127705
34247,126315,127708
34248,126316,128858
34249,126317,127595
34250,126319,127730
34251,126320,127650
34252,126321,127142
34253,126322,128364
34254,126323,127715
34255,126324,127726
34256,126325,127564
34257,126326,128557
34258,126327,127605
34259,126328,127934
34260,126329,128339
34261,126331,127657
34262,126334,127114
34263,126335,127644
34264,126337,127754
34265,126338,128404
34266,126339,127764
34267,126341,127188
34268,126342,126834
34269,126343,127625
34270,126344,128669
34271,126345,126688
34272,126346,127486
34273,126348,127108
34274,126349,127632
34275,126350,127685
34276,126351,127697
34277,126352,127633
34278,126353,127896
34279,126355,128237
34280,126356,127759
34281,126358,127001
34282,126360,127703
34283,126361,127640
34284,126363,128229
34285,126364,127641
34286,126366,127327
34287,126371,127185
34288,126372,127617
34289,126373,127815
34290,126374,127646
34291,126376,127649
34292,126377,127567
34293,126378,128182
34294,126380,127569
34295,126381,127519
34296,126382,127654
34297,126383,127751
34298,126385,127574
34299,126386,128251
34300,126387,127899
34301,126389,127361
34302,126391,127038
34303,126393,127455
34304,126394,127607
34305,126395,128447
34306,126396,127876
34307,126397,127587
34308,126399,127777
34309,126400,128751
34310,126401,128130
34311,126404,127680
34312,126405,127681
34313,126406,128769
34314,126407,127578
34315,126408,128241
34316,126409,127582
34317,126410,128115
34318,126411,128023
34319,126412,128960
34320,126413,127971
34321,126414,127692
34322,126416,127693
34323,126417,127588
34324,126419,128340
34325,126420,127397
34326,126421,127596
34327,126422,127704
34328,126423,127571
34329,126424,127861
34330,126425,127591
34331,126426,127709
34332,126427,127804
34333,126428,128741
34334,126429,127592
34335,126430,127593
34336,126431,128371
34337,126433,127786
34338,126434,127713
34339,126436,128048
34340,126437,127562
34341,126438,127598
34342,126439,127594
34343,126440,127723
34344,126441,129048
34345,126442,128248
34346,126443,127601
34347,126444,127672
34348,126445,128247
34349,126446,127586
34350,126447,127727
34351,126448,128689
34352,126449,127837
34353,126450,127612
34354,126452,127732
34355,126453,127734
34356,126454,128081
34357,126456,127634
34358,126457,128250
34359,126459,127290
34360,126460,127609
34361,126461,127665
34362,126462,127125
34363,126463,127580
34364,126466,127380
34365,126467,128079
34366,126468,128992
34367,126469,127749
34368,126470,127566
34369,126475,127825
34370,126477,127616
34371,126478,127755
34372,126479,128313
34373,126482,127307
34374,126483,127760
34375,126484,127663
34376,126486,127947
34377,126487,127618
34378,126488,127831
34379,126490,127265
34380,126491,127467
34381,126492,128259
34382,126493,127883
34383,126495,128473
34384,126496,127329
34385,126497,127674
34386,126501,128028
34387,126503,127497
34388,126505,128778
34389,126506,127500
34390,126508,127787
34391,126509,128108
34392,126510,127794
34393,126511,126929
34394,126513,127993
34395,126514,126984
34396,126515,128608
34397,126517,128906
34398,126519,127802
34399,126520,127803
34400,126523,127799
34401,126525,127807
34402,126526,127808
34403,126528,127810
34404,126532,127862
34405,126533,128762
34406,126534,128078
34407,126536,128775
34408,126537,128562
34409,126540,128171
34410,126541,128512
34411,126542,127827
34412,126543,127828
34413,126544,127833
34414,126546,127977
34415,126548,127980
34416,126549,127779
34417,126551,128105
34418,126552,127998
34419,126553,127360
34420,126555,128140
34421,126556,128003
34422,126557,127817
34423,126558,128020
34424,126559,127820
34425,126560,128948
34426,126561,128767
34427,126562,128479
34428,126564,127852
34429,126565,128153
34430,126568,127496
34431,126569,128462
34432,126572,128039
34433,126573,127532
34434,126575,128208
34435,126576,128742
34436,126578,128017
34437,126579,127911
34438,126581,128252
34439,126583,127545
34440,126584,127748
34441,126585,128531
34442,126586,127769
34443,126587,128209
34444,126588,128090
34445,126589,128571
34446,126590,127975
34447,126591,128509
34448,126594,128121
34449,126595,128054
34450,126597,127002
34451,126598,127915
34452,126599,127583
34453,126600,127949
34454,126601,128587
34455,126602,127983
34456,126603,127986
34457,126605,127969
34458,126606,127656
34459,126609,127711
34460,126610,127978
34461,126611,128627
34462,126612,128051
34463,126613,128607
34464,126614,128007
34465,126615,128014
34466,126616,128015
34467,126617,128016
34468,126618,128018
34469,126619,127784
34470,126621,128027
34471,126623,128030
34472,126624,128753
34473,126626,128035
34474,126627,127989
34475,126628,128663
34476,126629,128037
34477,126630,128093
34478,126631,126989
34479,126632,128045
34480,126633,128672
34481,126634,128113
34482,126635,128046
34483,126636,128049
34484,126639,128056
34485,126640,127928
34486,126641,128059
34487,126643,128061
34488,126644,128063
34489,126645,128726
34490,126646,127481
34491,126648,128067
34492,126649,128091
34493,126650,128068
34494,126652,128074
34495,126654,128085
34496,126655,128086
34497,126658,127988
34498,126659,128402
34499,126660,128729
34500,126661,128120
34501,126662,128112
34502,126663,128129
34503,126664,127955
34504,126665,128075
34505,126666,128176
34506,126667,128950
34507,126669,127964
34508,126670,127963
34509,126671,128902
34510,126673,128083
34511,126674,127967
34512,126675,127939
34513,126676,128275
34514,126677,128022
34515,126678,128110
34516,126679,128658
34517,126680,127133
34518,126681,128099
34519,126682,128013
34520,126683,128910
34521,126685,127603
34522,126686,128458
34523,126689,127938
34524,126691,128918
34525,126693,127901
34526,126696,128220
34527,126697,127016
34528,126699,127891
34529,126700,127892
34530,126701,128613
34531,126703,127886
34532,126704,127990
34533,126706,127620
34534,126707,127897
34535,126708,127900
34536,126709,128156
34537,126710,127940
34538,126712,128188
34539,126714,127363
34540,126715,128107
34541,126716,127945
34542,126717,128619
34543,126718,127556
34544,126719,128006
34545,126720,128008
34546,126721,128010
34547,126722,127378
34548,126723,127678
34549,126724,127979
34550,126725,127854
34551,126726,127907
34552,126727,127908
34553,126728,127291
34554,126729,128930
34555,126730,128025
34556,126733,127912
34557,126734,128418
34558,126736,127906
34559,126737,128659
34560,126739,127365
34561,126740,128053
34562,126741,128034
34563,126743,127895
34564,126744,128543
34565,126746,127706
34566,126747,128148
34567,126748,127917
34568,126749,128118
34569,126750,127404
34570,126751,128809
34571,126752,128547
34572,126753,128245
34573,126754,127839
34574,126755,128549
34575,126756,127919
34576,126759,127865
34577,126760,127922
34578,126762,127923
34579,126765,127464
34580,126771,127927
34581,126772,127929
34582,126773,127936
34583,126774,128514
34584,126775,128249
34585,126776,127974
34586,126777,128065
34587,126778,127932
34588,126780,127933
34589,126781,127920
34590,126783,127428
34591,126784,128071
34592,126786,127935
34593,126787,127221
34594,126789,127435
34595,126790,128818
34596,126791,127937
34597,126792,128647
34598,126794,128092
34599,126795,127849
34600,126796,128709
34601,126797,127756
34602,126798,127942
34603,126799,127878
34604,126804,128999
34605,126806,127822
34606,126807,129001
34607,126808,128840
34608,126809,129030
34609,126810,128522
34610,126811,127948
34611,126812,128098
34612,126813,128576
34613,126814,127959
34614,126815,128606
34615,126816,128164
34616,126818,127960
34617,126819,127614
34618,126820,127373
34619,126823,127968
34620,126824,127785
34621,126825,128044
34622,126826,127673
34623,126827,128123
34624,126828,128124
34625,126829,127534
34626,126830,127474
34627,126831,128431
34628,126833,127746
34629,126835,128539
34630,126837,128348
34631,126838,127478
34632,126839,128501
34633,126840,128428
34634,126841,128137
34635,126843,128138
34636,126844,127190
34637,126846,127518
34638,126847,128633
34639,126848,127800
34640,126849,128152
34641,126850,128222
34642,126851,128141
34643,126853,128846
34644,126854,128538
34645,126858,128806
34646,126861,128203
34647,126863,128276
34648,126864,128177
34649,126865,128768
34650,126867,128144
34651,126868,128145
34652,126870,128174
34653,126872,128611
34654,126874,128128
34655,126875,127841
34656,126876,127490
34657,126879,128502
34658,126880,127550
34659,126881,128150
34660,126882,128223
34661,126885,128009
34662,126887,128198
34663,126888,128126
34664,126889,128581
34665,126890,128800
34666,126891,128615
34667,126892,128599
34668,126893,128345
34669,126894,128612
34670,126895,128160
34671,126896,127805
34672,126897,128497
34673,126899,128972
34674,126900,128050
34675,126901,128100
34676,126902,128367
34677,126905,128801
34678,126909,128166
34679,126911,128316
34680,126912,128082
34681,126914,128146
34682,126915,128722
34683,126916,128723
34684,126917,128617
34685,126918,127765
34686,126919,127767
34687,126920,128149
34688,126921,128732
34689,126922,127558
34690,126923,128717
34691,126924,128301
34692,126925,127246
34693,126926,128600
34694,126927,128518
34695,126928,128602
34696,126930,128465
34697,126931,128712
34698,126932,128690
34699,126933,127918
34700,126934,127568
34701,126935,127572
34702,126936,128704
34703,126937,127604
34704,126938,128284
34705,126939,128738
34706,126942,128530
34707,126943,128192
34708,126944,128299
34709,126946,128326
34710,126947,127783
34711,126948,128646
34712,126949,128803
34713,126951,127694
34714,126952,128031
34715,126953,128101
34716,126956,128335
34717,126958,128702
34718,126959,127916
34719,126961,128679
34720,126962,128680
34721,126963,127924
34722,126964,128430
34723,126965,128824
34724,126966,127538
34725,126967,128429
34726,126968,127925
34727,126969,128351
34728,126970,128688
34729,126971,128574
34730,126972,127926
34731,126973,127739
34732,126974,128632
34733,126975,128271
34734,126976,128714
34735,126977,128366
34736,126978,128393
34737,126979,128718
34738,126980,128692
34739,126981,127823
34740,126983,127555
34741,126985,128685
34742,126986,128266
34743,126988,128737
34744,126990,128452
34745,126991,128455
34746,126992,128597
34747,126993,128372
34748,126994,128506
34749,126995,128504
34750,126997,128270
34751,126999,128272
34752,127003,128277
34753,127004,128412
34754,127006,127973
34755,127007,128517
34756,127008,128520
34757,127011,128719
34758,127013,128524
34759,127014,128286
34760,127015,128466
34761,127017,128036
34762,127018,127651
34763,127021,128443
34764,127023,128024
34765,127024,127733
34766,127025,128472
34767,127027,128244
34768,127028,127659
34769,127032,127762
34770,127035,127662
34771,127036,128000
34772,127037,128001
34773,127039,128532
34774,127041,128570
34775,127042,128446
34776,127043,128186
34777,127045,127675
34778,127047,128318
34779,127050,127717
34780,127053,128324
34781,127054,128713
34782,127056,128536
34783,127058,128026
34784,127059,128240
34785,127060,128336
34786,127062,127950
34787,127063,127904
34788,127064,128540
34789,127066,128662
34790,127067,128243
34791,127069,128350
34792,127072,128461
34793,127073,128416
34794,127074,128545
34795,127075,128993
34796,127076,128133
34797,127077,128043
34798,127079,128693
34799,127082,128047
34800,127084,128354
34801,127085,128537
34802,127086,127866
34803,127087,128552
34804,127088,128976
34805,127089,128357
34806,127096,128490
34807,127097,127931
34808,127098,127731
34809,127099,128239
34810,127100,128563
34811,127103,127992
34812,127106,128500
34813,127107,128379
34814,127110,128989
34815,127111,128565
34816,127112,127744
34817,127115,128386
34818,127116,128388
34819,127117,128568
34820,127120,128257
34821,127121,127668
34822,127122,128569
34823,127126,128734
34824,127127,129005
34825,127129,127867
34826,127132,127913
34827,127134,127491
34828,127135,128724
34829,127136,128601
34830,127138,128147
34831,127139,127573
34832,127140,128151
34833,127141,128580
34834,127144,127858
34835,127145,128415
34836,127147,127774
34837,127148,128478
34838,127149,128583
34839,127152,128744
34840,127154,128234
34841,127156,128135
34842,127157,128427
34843,127159,128638
34844,127161,127524
34845,127162,128438
34846,127165,128439
34847,127166,128585
34848,127167,128441
34849,127168,127847
34850,127169,127889
34851,127171,128170
34852,127173,127853
34853,127174,128807
34854,127176,128122
34855,127177,128745
34856,127178,127875
34857,127180,128623
34858,127181,127961
34859,127182,128457
34860,127183,128463
34861,127187,128593
34862,127191,128687
34863,127195,128474
34864,127198,128491
34865,127200,127844
34866,127201,128005
34867,127202,128321
34868,127203,128481
34869,127204,128482
34870,127206,127824
34871,127207,128656
34872,127210,128486
34873,127213,128740
34874,127214,128668
34875,127216,128353
34876,127217,128794
34877,127218,128793
34878,127222,128699
34879,127223,128355
34880,127226,128591
34881,127231,128747
34882,127232,128505
34883,127233,128716
34884,127234,128424
34885,127236,128735
34886,127237,127869
34887,127239,128464
34888,127240,127984
34889,127241,128450
34890,127243,128172
34891,127244,128173
34892,127249,128281
34893,127250,127910
34894,127252,128731
34895,127253,128922
34896,127257,127902
34897,127259,128618
34898,127262,128303
34899,127263,127664
34900,127266,127905
34901,127283,128369
34902,127288,128811
34903,127289,128265
34904,127299,128279
34905,127302,128310
34906,127304,128287
34907,127305,128359
34908,127308,128812
34909,127309,128456
34910,127313,128642
34911,127315,128269
34912,127318,128548
34913,127321,128823
34914,127322,128761
34915,127325,128596
34916,127328,128230
34917,127334,128523
34918,127338,128630
34919,127339,128786
34920,127340,128262
34921,127341,128467
34922,127342,128924
34923,127344,128267
34924,127346,128293
34925,127348,128471
34926,127352,128616
34927,127353,128236
34928,127357,128528
34929,127362,128307
34930,127364,128309
34931,127367,128261
34932,127371,128670
34933,127374,129016
34934,127375,128193
34935,127377,127914
34936,127381,128795
34937,127385,128021
34938,127386,128200
34939,127387,128649
34940,127402,128808
34941,127410,128420
34942,127411,127863
34943,127414,128196
34944,127418,128263
34945,127424,128368
34946,127431,128374
34947,127437,128168
34948,127438,128779
34949,127439,128256
34950,127440,128387
34951,127445,128232
34952,127451,128406
34953,127453,128102
34954,127457,128816
34955,127458,128425
34956,127459,128643
34957,127462,128114
34958,127465,128119
34959,127466,128253
34960,127472,127898
34961,127476,128676
34962,127488,128302
34963,127493,128436
34964,127495,128644
34965,127499,128161
34966,127506,128442
34967,127509,128603
34968,127510,128921
34969,127513,128937
34970,127515,128626
34971,127517,128629
34972,127521,128637
34973,127525,128958
34974,127528,128655
34975,127529,128898
34976,127530,128746
34977,127535,128868
34978,127536,128624
34979,127539,128908
34980,127542,128320
34981,127543,128423
34982,127548,128983
34983,127549,128730
34984,127551,128720
34985,127553,128725
34986,127565,128833
34987,127575,128620
34988,127597,128525
34989,127600,128554
34990,127606,128694
34991,127608,128701
34992,127613,128995
34993,127615,129006
34994,127623,128925
34995,127624,128942
34996,127626,128019
34997,127627,128911
34998,127629,129010
34999,127630,128759
35000,127631,128329
35001,127636,128760
35002,127647,128879
35003,127648,128874
35004,127652,128610
35005,127661,128625
35006,127669,128433
35007,127670,128434
35008,127688,128334
35009,127696,128488
35010,127699,128542
35011,127710,128349
35012,127712,128678
35013,127714,128955
35014,127716,128675
35015,127718,128677
35016,127719,128997
35017,127720,128885
35018,127735,128498
35019,127745,128991
35020,127747,128943
35021,127750,128389
35022,127752,128828
35023,127763,128445
35024,127772,128897
35025,127775,128974
35026,127778,128413
35027,127782,128777
35028,127790,128715
35029,127791,128827
35030,127792,129028
35031,127798,128432
35032,127806,128987
35033,127811,128899
35034,127816,128951
35035,127818,128582
35036,127819,128653
35037,127821,128886
35038,127829,128905
35039,127830,128459
35040,127840,128929
35041,127845,128507
35042,127850,128640
35043,127857,128651
35044,127877,128487
35045,127881,128510
35046,127885,128588
35047,127894,128526
35048,127921,128550
35049,127951,128594
35050,127952,128733
35051,127954,128681
35052,127958,128682
35053,127966,128774
35054,127976,128519
35055,127981,128577
35056,128002,128584
35057,128011,128639
35058,128032,128705
35059,128033,128660
35060,128052,128579
35061,128060,128666
35062,128066,128667
35063,128070,128695
35064,128080,128708
35065,128106,128578
35066,128116,128961
35067,128117,128493
35068,128127,128754
35069,128131,128749
35070,128132,128756
35071,128136,128755
35072,128154,128864
35073,128157,128935
35074,128159,128854
35075,128162,128856
35076,128163,128915
35077,128181,128914
35078,128194,128635
35079,128199,128844
35080,128210,128865
35081,128218,128857
35082,128219,128980
35083,128233,128604
35084,128235,128764
35085,128306,128940
35086,128344,128947
35087,126183,128765
35088,126990,128780
35089,126160,128782
35090,128272,128783
35091,128596,128784
35092,128198,128796
35093,127979,128797
35094,126124,128798
35095,127059,128802
35096,127915,128805
35097,126600,128826
35098,127912,128883
35099,127685,128900
35100,127641,128912
35101,128527,128933
35102,127053,128952
35103,126338,128954
35104,128722,129000
35105,128745,129011
35106,128472,129034
35107,126569,129038
35108,128241,129046
35109,127822,129054
35110,128013,129059
35111,127825,129079
35112,127440,129139
35113,126417,129152
35114,126696,129172
35115,127124,129179
35116,128918,129180
35117,127950,129187
35118,126255,129189
35119,129212,129751
35120,129348,130355
35121,129354,131447
35122,129396,130287
35123,129487,130532
35124,129500,131081
35125,129541,129910
35126,129607,131042
35127,129617,130886
35128,129689,130061
35129,129732,130008
35130,129733,130406
35131,129813,130548
35132,129890,131069
35133,129909,131203
35134,129931,130420
35135,129956,131205
35136,129986,130744
35137,130088,131018
35138,130107,130914
35139,130219,130772
35140,130220,131161
35141,130232,132046
35142,130270,131114
35143,130389,130904
35144,130396,133725
35145,130405,130782
35146,130440,132438
35147,130449,131339
35148,130451,131772
35149,130454,133220
35150,130458,132580
35151,130470,132772
35152,130506,134184
35153,130513,132781
35154,130565,133398
35155,130572,131622
35156,130573,133485
35157,130574,134066
35158,130577,133026
35159,130583,133389
35160,130619,131094
35161,130738,133009
35162,130789,131187
35163,130839,133176
35164,130897,131315
35165,130987,133442
35166,131078,132501
35167,131085,131640
35168,131098,131715
35169,131102,132519
35170,131139,134107
35171,131166,133947
35172,131169,132651
35173,131177,131600
35174,131178,133972
35175,131183,133986
35176,131186,131559
35177,131190,132706
35178,131197,132065
35179,131198,133967
35180,131207,133469
35181,131210,132776
35182,131211,132542
35183,131212,132428
35184,131216,132671
35185,131218,132431
35186,131219,132889
35187,131222,133018
35188,131226,133907
35189,131229,133820
35190,131231,133778
35191,131233,133039
35192,131237,133760
35193,131238,133847
35194,131240,132173
35195,131241,133846
35196,131242,133859
35197,131243,133451
35198,131244,133863
35199,131245,132159
35200,131246,132526
35201,131247,132715
35202,131248,132403
35203,131251,133926
35204,131253,132208
35205,131254,133508
35206,131255,133917
35207,131256,133918
35208,131257,133921
35209,131258,133924
35210,131259,132844
35211,131267,133370
35212,131268,133950
35213,131269,134280
35214,131270,134313
35215,131272,133935
35216,131273,133968
35217,131274,132782
35218,131275,133902
35219,131276,133225
35220,131277,133974
35221,131280,133443
35222,131281,134063
35223,131282,134264
35224,131284,134011
35225,131285,133214
35226,131286,134204
35227,131287,134305
35228,131288,133217
35229,131290,134009
35230,131291,133996
35231,131294,131776
35232,131295,133223
35233,131296,134007
35234,131297,133227
35235,131299,133231
35236,131300,132583
35237,131303,132746
35238,131304,133414
35239,131305,133357
35240,131307,134345
35241,131308,133393
35242,131309,133571
35243,131310,133128
35244,131311,132514
35245,131312,132756
35246,131313,133417
35247,131323,134031
35248,131325,134157
35249,131326,134158
35250,131327,132977
35251,131329,133703
35252,131330,134251
35253,131332,133590
35254,131334,133876
35255,131335,132735
35256,131336,133795
35257,131337,133942
35258,131338,133928
35259,131340,133304
35260,131342,132625
35261,131343,134172
35262,131344,134163
35263,131346,133604
35264,131349,133720
35265,131350,133610
35266,131354,133582
35267,131356,132642
35268,131359,133412
35269,131360,132777
35270,131361,133841
35271,131364,134102
35272,131365,134166
35273,131366,133082
35274,131367,133478
35275,131368,132927
35276,131369,133309
35277,131370,133310
35278,131371,134088
35279,131374,133403
35280,131375,131984
35281,131376,133647
35282,131379,133406
35283,131380,132718
35284,131381,132145
35285,131384,134182
35286,131385,134190
35287,131387,133857
35288,131388,134301
35289,131389,132662
35290,131390,132421
35291,131391,132360
35292,131392,134187
35293,131393,133355
35294,131395,132668
35295,131397,133338
35296,131399,133093
35297,131401,132128
35298,131402,133992
35299,131404,134085
35300,131406,131919
35301,131409,133875
35302,131410,133851
35303,131411,133356
35304,131412,133733
35305,131413,133734
35306,131414,134203
35307,131418,133881
35308,131419,132396
35309,131420,133367
35310,131421,131895
35311,131425,134208
35312,131426,134113
35313,131427,132741
35314,131429,134034
35315,131430,134236
35316,131433,132089
35317,131434,132547
35318,131435,133241
35319,131436,134194
35320,131437,134041
35321,131438,133243
35322,131440,133130
35323,131441,132610
35324,131443,132614
35325,131444,132667
35326,131445,132618
35327,131448,132600
35328,131449,134004
35329,131450,133768
35330,131451,132992
35331,131452,132941
35332,131455,132838
35333,131456,132666
35334,131458,133054
35335,131459,133454
35336,131460,133662
35337,131461,133068
35338,131462,133716
35339,131463,134246
35340,131465,132641
35341,131466,134247
35342,131467,132553
35343,131468,132578
35344,131469,132424
35345,131470,132558
35346,131471,132569
35347,131472,132373
35348,131473,134249
35349,131474,132278
35350,131476,134335
35351,131478,132201
35352,131480,132815
35353,131482,133271
35354,131483,132334
35355,131484,132923
35356,131485,133440
35357,131487,134092
35358,131488,133480
35359,131489,134365
35360,131497,133397
35361,131498,132478
35362,131499,133173
35363,131500,132830
35364,131501,132813
35365,131502,132828
35366,131503,132297
35367,131504,133954
35368,131505,133934
35369,131506,132598
35370,131508,134125
35371,131511,133471
35372,131513,132497
35373,131514,134097
35374,131515,132823
35375,131516,133762
35376,131517,132795
35377,131518,133083
35378,131519,133747
35379,131520,132987
35380,131521,132728
35381,131523,132177
35382,131524,134298
35383,131525,132682
35384,131527,134303
35385,131528,132834
35386,131529,133238
35387,131530,132513
35388,131531,133965
35389,131532,133126
35390,131533,133102
35391,131534,134000
35392,131536,132713
35393,131537,132841
35394,131538,132840
35395,131539,133773
35396,131541,134029
35397,131543,132934
35398,131545,134038
35399,131546,134023
35400,131547,132915
35401,131548,132766
35402,131549,132203
35403,131550,132417
35404,131551,134044
35405,131552,132809
35406,131555,132611
35407,131557,133134
35408,131560,132978
35409,131563,133033
35410,131564,132913
35411,131565,132911
35412,131566,132955
35413,131567,134161
35414,131568,132997
35415,131569,132561
35416,131570,132967
35417,131572,132626
35418,131573,134277
35419,131574,132975
35420,131575,133151
35421,131576,132980
35422,131577,132330
35423,131578,133002
35424,131579,133045
35425,131581,132499
35426,131582,132965
35427,131584,133971
35428,131585,132832
35429,131587,132998
35430,131588,133066
35431,131589,133010
35432,131592,133014
35433,131593,132872
35434,131595,132825
35435,131596,132437
35436,131597,132251
35437,131598,133030
35438,131601,133678
35439,131602,133690
35440,131603,133036
35441,131606,134330
35442,131611,132613
35443,131613,132912
35444,131614,132588
35445,131615,133239
35446,131618,132213
35447,131619,133071
35448,131620,133318
35449,131621,133900
35450,131623,132929
35451,131624,133905
35452,131625,133302
35453,131626,133250
35454,131627,133777
35455,131628,132936
35456,131629,132984
35457,131630,132951
35458,131631,132938
35459,131632,133182
35460,131633,133003
35461,131634,133133
35462,131636,132485
35463,131637,132942
35464,131638,133080
35465,131641,134320
35466,131643,133316
35467,131644,131965
35468,131645,132948
35469,131646,134261
35470,131648,133272
35471,131649,133294
35472,131650,133078
35473,131651,132655
35474,131652,133100
35475,131654,133144
35476,131655,133987
35477,131657,132999
35478,131658,132875
35479,131660,132878
35480,131661,133675
35481,131664,133109
35482,131666,132973
35483,131668,133812
35484,131670,132427
35485,131671,132628
35486,131673,133085
35487,131675,133163
35488,131676,133153
35489,131677,132901
35490,131678,132879
35491,131679,133106
35492,131682,133390
35493,131683,133523
35494,131685,132988
35495,131687,132673
35496,131688,133122
35497,131689,132522
35498,131691,133648
35499,131693,132348
35500,131697,134185
35501,131698,132603
35502,131699,132884
35503,131700,132893
35504,131701,133099
35505,131702,132850
35506,131703,132693
35507,131704,132883
35508,131705,134086
35509,131706,132894
35510,131707,133439
35511,131708,133252
35512,131709,132660
35513,131710,132369
35514,131711,134192
35515,131712,133669
35516,131713,133546
35517,131714,134398
35518,131717,132890
35519,131718,133347
35520,131719,132573
35521,131720,133620
35522,131722,132788
35523,131724,132886
35524,131727,132904
35525,131729,132958
35526,131730,133040
35527,131731,132582
35528,131733,134127
35529,131734,133544
35530,131737,134332
35531,131738,133695
35532,131739,132909
35533,131740,134114
35534,131741,133115
35535,131742,133827
35536,131744,133024
35537,131745,133375
35538,131746,132914
35539,131747,132674
35540,131748,133344
35541,131750,132916
35542,131752,132748
35543,131753,133706
35544,131756,133007
35545,131757,133391
35546,131758,132594
35547,131759,132920
35548,131760,134043
35549,131761,133270
35550,131762,133922
35551,131763,133665
35552,131765,132105
35553,131766,134046
35554,131767,132993
35555,131768,132103
35556,131769,132802
35557,131770,132665
35558,131771,134133
35559,131773,134382
35560,131775,133729
35561,131777,133352
35562,131778,133411
35563,131780,132731
35564,131783,133077
35565,131784,133058
35566,131785,133067
35567,131786,134045
35568,131787,133096
35569,131788,133097
35570,131789,133103
35571,131790,133336
35572,131793,133004
35573,131794,132504
35574,131795,133157
35575,131796,133005
35576,131798,133015
35577,131800,133114
35578,131801,133461
35579,131802,133368
35580,131804,133055
35581,131805,133757
35582,131806,133828
35583,131807,134139
35584,131808,132425
35585,131809,133189
35586,131810,134065
35587,131811,133740
35588,131813,133175
35589,131814,133776
35590,131815,133667
35591,131816,133643
35592,131819,133811
35593,131820,133775
35594,131821,133131
35595,131822,133806
35596,131824,133132
35597,131825,133136
35598,131827,133268
35599,131828,133601
35600,131830,133701
35601,131832,132492
35602,131833,133107
35603,131834,133625
35604,131835,133632
35605,131836,132979
35606,131837,133152
35607,131838,133146
35608,131839,133651
35609,131840,132509
35610,131842,133281
35611,131843,132811
35612,131845,133148
35613,131846,133205
35614,131848,133137
35615,131849,132848
35616,131850,132503
35617,131852,133751
35618,131854,133818
35619,131855,134006
35620,131856,132473
35621,131859,133364
35622,131860,132805
35623,131861,134148
35624,131862,132521
35625,131863,133920
35626,131865,132738
35627,131866,133490
35628,131867,133127
35629,131868,132924
35630,131869,133708
35631,131870,133124
35632,131871,133626
35633,131872,133245
35634,131873,133064
35635,131874,132760
35636,131875,132946
35637,131876,133185
35638,131878,133931
35639,131879,133332
35640,131880,132871
35641,131881,133274
35642,131882,133275
35643,131883,132291
35644,131884,133287
35645,131885,133939
35646,131888,133290
35647,131889,133839
35648,131890,134100
35649,131891,133196
35650,131892,133305
35651,131894,133280
35652,131896,133314
35653,131898,132829
35654,131899,133581
35655,131900,133322
35656,131901,133666
35657,131902,133334
35658,131903,133327
35659,131905,133711
35660,131906,133326
35661,131907,133328
35662,131908,133769
35663,131909,134173
35664,131910,133518
35665,131911,134189
35666,131913,133286
35667,131916,133219
35668,131917,133277
35669,131918,132804
35670,131920,133221
35671,131921,133350
35672,131922,134196
35673,131923,133035
35674,131924,133224
35675,131925,133682
35676,131926,134070
35677,131927,133359
35678,131929,133436
35679,131930,132605
35680,131931,133289
35681,131932,134206
35682,131933,133373
35683,131935,134209
35684,131936,134210
35685,131937,133236
35686,131938,134025
35687,131940,133240
35688,131941,133383
35689,131943,133487
35690,131944,132807
35691,131945,133763
35692,131946,133449
35693,131947,133084
35694,131948,133251
35695,131949,132754
35696,131951,133256
35697,131952,133257
35698,131953,133258
35699,131954,133313
35700,131956,133184
35701,131957,133059
35702,131958,133517
35703,131959,133597
35704,131960,132798
35705,131961,132868
35706,131962,133139
35707,131963,133503
35708,131966,132761
35709,131967,133774
35710,131968,133329
35711,131969,133399
35712,131970,132952
35713,131971,132301
35714,131972,132653
35715,131973,133192
35716,131974,133834
35717,131975,132773
35718,131976,133200
35719,131977,132774
35720,131979,133183
35721,131980,133284
35722,131981,133794
35723,131982,133210
35724,131983,133946
35725,131985,133193
35726,131986,133473
35727,131987,132711
35728,131989,133295
35729,131991,133474
35730,131992,133916
35731,131993,132882
35732,131994,133297
35733,131995,133299
35734,131996,133197
35735,131997,133476
35736,131998,133303
35737,131999,133321
35738,132000,133190
35739,132001,132657
35740,132002,133993
35741,132003,132753
35742,132006,133315
35743,132007,133830
35744,132008,134292
35745,132009,134177
35746,132011,134294
35747,132012,133204
35748,132015,133416
35749,132016,133959
35750,132017,132681
35751,132018,132845
35752,132019,133584
35753,132020,133213
35754,132022,133012
35755,132024,133211
35756,132025,133212
35757,132026,133201
35758,132029,133222
35759,132032,133207
35760,132033,133215
35761,132034,133337
35762,132035,133635
35763,132037,133019
35764,132040,133342
35765,132041,133343
35766,132042,134263
35767,132043,132764
35768,132044,133671
35769,132045,133494
35770,132047,134267
35771,132048,132888
35772,132049,133349
35773,132050,134317
35774,132051,134145
35775,132052,132902
35776,132053,133276
35777,132054,132717
35778,132055,134321
35779,132057,133549
35780,132058,134014
35781,132059,133199
35782,132060,133259
35783,132061,132581
35784,132066,133179
35785,132067,133431
35786,132068,133365
35787,132069,133168
35788,132070,134329
35789,132071,133444
35790,132072,132737
35791,132076,133234
35792,132077,133374
35793,132078,133191
35794,132079,133564
35795,132080,133889
35796,132081,133501
35797,132082,133381
35798,132083,133377
35799,132086,133385
35800,132087,133387
35801,132088,133177
35802,132090,134005
35803,132091,133098
35804,132092,133894
35805,132093,133242
35806,132094,132857
35807,132095,132767
35808,132096,133506
35809,132097,133395
35810,132098,132295
35811,132099,133079
35812,132100,133266
35813,132102,132710
35814,132104,133767
35815,132107,133410
35816,132110,133051
35817,132111,133226
35818,132112,132856
35819,132113,132949
35820,132114,133457
35821,132115,133418
35822,132117,133263
35823,132118,133400
35824,132119,133721
35825,132120,133475
35826,132121,133426
35827,132122,132796
35828,132123,133553
35829,132124,133853
35830,132125,132784
35831,132129,133661
35832,132130,133423
35833,132131,132771
35834,132132,132775
35835,132133,133499
35836,132134,133502
35837,132136,133425
35838,132138,133507
35839,132139,133511
35840,132142,133150
35841,132146,132833
35842,132147,133135
35843,132148,133660
35844,132149,134306
35845,132150,134312
35846,132151,133732
35847,132152,133228
35848,132153,132986
35849,132154,132596
35850,132155,132810
35851,132156,133462
35852,132157,133460
35853,132158,134109
35854,132160,133463
35855,132161,133814
35856,132162,133246
35857,132163,133796
35858,132164,133187
35859,132165,133789
35860,132166,133702
35861,132167,132803
35862,132170,133627
35863,132171,133823
35864,132172,133482
35865,132174,133483
35866,132175,133765
35867,132176,133447
35868,132178,132982
35869,132179,133244
35870,132180,134299
35871,132181,133261
35872,132182,133432
35873,132183,133656
35874,132184,133147
35875,132185,133560
35876,132186,134308
35877,132187,133538
35878,132189,133771
35879,132190,133803
35880,132191,133497
35881,132192,133835
35882,132194,133809
35883,132195,133824
35884,132196,133380
35885,132197,133719
35886,132199,133798
35887,132202,133896
35888,132204,133779
35889,132205,132861
35890,132206,133587
35891,132207,133738
35892,132209,132816
35893,132210,132483
35894,132211,133925
35895,132212,133513
35896,132215,133602
35897,132216,133466
35898,132218,133613
35899,132219,133944
35900,132220,133616
35901,132221,133619
35902,132222,134017
35903,132223,132968
35904,132224,133628
35905,132225,133677
35906,132226,133634
35907,132227,133842
35908,132228,133631
35909,132233,133021
35910,132234,133852
35911,132236,133843
35912,132237,133573
35913,132238,132925
35914,132239,133652
35915,132240,133978
35916,132242,133530
35917,132243,133825
35918,132245,133514
35919,132247,134191
35920,132248,133340
35921,132249,133532
35922,132250,133598
35923,132253,133545
35924,132254,133639
35925,132255,132876
35926,132256,134200
35927,132257,132932
35928,132259,133229
35929,132260,133044
35930,132261,133576
35931,132263,132874
35932,132266,133608
35933,132267,133692
35934,132268,134213
35935,132269,133650
35936,132270,133704
35937,132271,133684
35938,132272,133710
35939,132274,133493
35940,132275,133713
35941,132276,132921
35942,132277,133897
35943,132279,133577
35944,132280,133203
35945,132281,132675
35946,132282,133892
35947,132285,133585
35948,132286,133586
35949,132287,133468
35950,132289,133914
35951,132294,133717
35952,132296,133880
35953,132298,133737
35954,132299,133933
35955,132302,134126
35956,132303,134099
35957,132304,133679
35958,132305,133278
35959,132306,133433
35960,132307,133515
35961,132309,133496
35962,132310,133037
35963,132311,132963
35964,132312,133522
35965,132313,132947
35966,132314,133722
35967,132315,133120
35968,132316,134169
35969,132317,134053
35970,132319,133520
35971,132320,133510
35972,132321,133521
35973,132323,133563
35974,132325,133724
35975,132327,133527
35976,132329,133801
35977,132331,133964
35978,132332,133637
35979,132333,133638
35980,132335,133311
35981,132337,133642
35982,132339,134164
35983,132340,132687
35984,132343,133605
35985,132344,133162
35986,132345,133726
35987,132346,133727
35988,132347,133728
35989,132350,133512
35990,132351,133031
35991,132352,133882
35992,132355,133609
35993,132356,133655
35994,132359,133550
35995,132361,133533
35996,132363,133663
35997,132364,132835
35998,132365,134307
35999,132366,133579
36000,132368,133170
36001,132371,132898
36002,132374,133540
36003,132375,133588
36004,132376,133072
36005,132377,133143
36006,132380,134040
36007,132383,133288
36008,132384,133543
36009,132385,133450
36010,132386,133353
36011,132387,133547
36012,132389,133758
36013,132390,134322
36014,132392,133686
36015,132394,133452
36016,132395,132908
36017,132397,133816
36018,132398,134334
36019,132399,133699
36020,132401,133599
36021,132402,134054
36022,132404,134323
36023,132405,133565
36024,132406,134214
36025,132408,133386
36026,132409,134073
36027,132410,133455
36028,132411,133709
36029,132412,134217
36030,132414,133712
36031,132415,133526
36032,132416,133714
36033,132419,134156
36034,132420,133570
36035,132422,132859
36036,132423,133458
36037,132426,133076
36038,132429,133154
36039,132434,133646
36040,132436,133731
36041,132439,133113
36042,132440,133495
36043,132441,133554
36044,132442,133735
36045,132444,133500
36046,132445,134072
36047,132446,133822
36048,132447,134042
36049,132448,133741
36050,132450,133790
36051,132454,133748
36052,132458,133341
36053,132459,133752
36054,132460,133753
36055,132461,133696
36056,132462,133755
36057,132463,134341
36058,132464,133467
36059,132466,133089
36060,132468,133764
36061,132469,133641
36062,132470,134180
36063,132471,133206
36064,132472,133770
36065,132474,133707
36066,132476,133591
36067,132477,133505
36068,132479,134067
36069,132480,133780
36070,132481,134048
36071,132482,133913
36072,132484,134243
36073,132486,133785
36074,132487,133306
36075,132489,134256
36076,132493,133438
36077,132494,133159
36078,132495,133401
36079,132498,133456
36080,132502,133799
36081,132505,133787
36082,132506,134058
36083,132508,133158
36084,132516,133871
36085,132518,133307
36086,132523,133772
36087,132529,133592
36088,132531,133891
36089,132532,133569
36090,132534,133739
36091,132535,133237
36092,132536,133911
36093,132537,133218
36094,132538,133541
36095,132541,133645
36096,132543,134028
36097,132544,133958
36098,132549,133932
36099,132550,133951
36100,132551,133962
36101,132554,133848
36102,132555,133405
36103,132556,134111
36104,132559,133807
36105,132560,133976
36106,132563,133858
36107,132564,134138
36108,132565,133983
36109,132566,133534
36110,132568,133985
36111,132571,133870
36112,132572,133998
36113,132574,133873
36114,132576,133230
36115,132577,133888
36116,132585,133887
36117,132586,133869
36118,132587,134159
36119,132590,134035
36120,132592,134039
36121,132593,134032
36122,132595,133988
36123,132597,133595
36124,132599,133670
36125,132601,133630
36126,132602,133904
36127,132604,133991
36128,132607,133607
36129,132608,134090
36130,132609,134075
36131,132612,133915
36132,132616,133419
36133,132617,133572
36134,132619,133267
36135,132620,133781
36136,132621,133600
36137,132629,134033
36138,132630,133885
36139,132631,133895
36140,132632,133580
36141,132633,133420
36142,132635,133792
36143,132636,133980
36144,132637,133943
36145,132639,133837
36146,132645,134143
36147,132646,133174
36148,132649,133840
36149,132652,133855
36150,132654,133574
36151,132658,133989
36152,132659,134285
36153,132661,133845
36154,132663,134244
36155,132669,133937
36156,132672,133260
36157,132676,134104
36158,132683,133856
36159,132684,133208
36160,132685,133743
36161,132686,133963
36162,132689,134302
36163,132691,133860
36164,132692,133658
36165,132694,133890
36166,132696,133810
36167,132697,133865
36168,132698,133407
36169,132700,133409
36170,132701,133172
36171,132703,133995
36172,132704,133351
36173,132705,133539
36174,132707,133862
36175,132708,133345
36176,132709,133878
36177,132712,134003
36178,132716,134008
36179,132719,134012
36180,132720,134089
36181,132722,134295
36182,132723,134202
36183,132724,134016
36184,132726,133361
36185,132727,134325
36186,132729,133498
36187,132730,133782
36188,132732,133614
36189,132736,133640
36190,132739,134207
36191,132740,134027
36192,132743,133593
36193,132745,134215
36194,132750,133893
36195,132751,134238
36196,132752,133909
36197,132755,133415
36198,132757,134152
36199,132758,133583
36200,132759,134255
36201,132762,134297
36202,132763,134069
36203,132768,133912
36204,132769,134026
36205,132770,134076
36206,132779,133249
36207,132780,134289
36208,132783,134082
36209,132785,134080
36210,132787,133348
36211,132790,134216
36212,132791,133603
36213,132792,134154
36214,132797,133446
36215,132799,133524
36216,132806,134150
36217,132812,134245
36218,132814,133783
36219,132817,133312
36220,132819,133819
36221,132821,133941
36222,132827,133730
36223,132842,133376
36224,132846,133559
36225,132847,133817
36226,132851,134020
36227,132854,133504
36228,132855,134141
36229,132858,133434
36230,132862,134309
36231,132863,134310
36232,132866,133594
36233,132867,133596
36234,132870,133936
36235,132877,133472
36236,132881,134276
36237,132891,133874
36238,132900,133542
36239,132903,134197
36240,132906,133413
36241,132907,133552
36242,132910,133683
36243,132917,134430
36244,132919,133756
36245,132922,134314
36246,132926,134282
36247,132928,134059
36248,132930,134311
36249,132935,134265
36250,132937,134110
36251,132943,134222
36252,132944,133749
36253,132953,133970
36254,132954,133833
36255,132959,133479
36256,132964,133618
36257,132969,134273
36258,132970,134274
36259,132972,134270
36260,132976,133629
36261,132983,133636
36262,132985,134346
36263,132989,134291
36264,133006,133973
36265,133008,133982
36266,133013,134087
36267,133017,134229
36268,133022,134221
36269,133025,134230
36270,133028,133674
36271,133029,134002
36272,133032,133676
36273,133041,133687
36274,133048,133694
36275,133049,133668
36276,133050,133736
36277,133053,134336
36278,133063,133567
36279,133065,133568
36280,133069,133715
36281,133073,134225
36282,133074,133910
36283,133075,134119
36284,133081,133956
36285,133086,133404
36286,133087,133805
36287,133090,133691
36288,133094,134116
36289,133104,133746
36290,133105,133955
36291,133108,133489
36292,133110,133750
36293,133111,134060
36294,133112,133908
36295,133116,134361
36296,133118,133802
36297,133119,133808
36298,133138,133927
36299,133141,134262
36300,133142,133791
36301,133145,134094
36302,133149,134130
36303,133155,133786
36304,133160,133718
36305,133161,133800
36306,133169,133804
36307,133171,133681
36308,133181,133826
36309,133186,133831
36310,133188,133793
36311,133198,134286
36312,133202,133850
36313,133232,133836
36314,133247,133938
36315,133248,133953
36316,133253,133999
36317,133254,134047
36318,133262,134253
36319,133265,133899
36320,133269,133930
36321,133273,133901
36322,133285,134233
36323,133291,134272
36324,133298,133952
36325,133300,133903
36326,133301,134283
36327,133317,134174
36328,133319,134162
36329,133323,134331
36330,133324,134021
36331,133330,133981
36332,133331,134062
36333,133339,133788
36334,133354,134010
36335,133362,134359
36336,133363,134036
36337,133369,134024
36338,133378,134337
36339,133379,134338
36340,133396,133906
36341,133422,133949
36342,133428,134084
36343,133430,134083
36344,133445,134132
36345,133464,134091
36346,133465,133919
36347,133481,134135
36348,133531,133945
36349,133535,134269
36350,133558,134201
36351,133575,134056
36352,133606,134353
36353,133612,134178
36354,133622,134160
36355,133633,134234
36356,133659,134318
36357,133680,134199
36358,133685,134482
36359,133693,134019
36360,133832,134260
36361,133872,134144
36362,133329,134077
36363,133157,134081
36364,132965,134095
36365,131448,134096
36366,131178,134105
36367,133991,134108
36368,133547,134112
36369,132746,134115
36370,133897,134117
36371,131630,134118
36372,132100,134121
36373,131637,134122
36374,133303,134131
36375,131618,134153
36376,133193,134168
36377,132718,134179
36378,131505,134220
36379,133173,134248
36380,131441,134250
36381,133785,134254
36382,131905,134300
36383,133221,134316
36384,131785,134347
36385,131752,134354
36386,133506,134355
36387,132237,134362
36388,131981,134376
36389,134135,134380
36390,132049,134394
36391,132596,134399
36392,132156,134400
36393,133274,134443
36394,132804,134476
36395,132051,134522
36396,131588,134535
36397,132479,134537
36398,131759,134560
36399,134650,136833
36400,134676,135871
36401,134758,135115
36402,134763,136793
36403,134767,135932
36404,134783,137462
36405,134788,135634
36406,134796,137130
36407,134832,136035
36408,134843,138592
36409,134903,138603
36410,134911,135504
36411,134919,135825
36412,135010,135579
36413,135048,135705
36414,135147,135269
36415,135276,136381
36416,135400,136306
36417,135494,136390
36418,135512,135962
36419,135521,136121
36420,135557,138748
36421,135564,137236
36422,135580,136292
36423,135581,136185
36424,135612,138083
36425,135625,136410
36426,135630,138780
36427,135637,139362
36428,135640,138756
36429,135649,139257
36430,135663,139128
36431,135671,136053
36432,135677,138048
36433,135697,136785
36434,135703,138155
36435,135707,138676
36436,135764,138601
36437,135773,139104
36438,135775,139076
36439,135780,138123
36440,135792,138775
36441,135798,139005
36442,135800,139518
36443,135840,137556
36444,135861,137958
36445,135902,136243
36446,135944,138541
36447,136000,136384
36448,136011,136302
36449,136014,136476
36450,136393,139274
36451,136403,139363
36452,136404,139364
36453,136406,139366
36454,136453,139192
36455,136460,139205
36456,136468,139353
36457,136471,139225
36458,136473,139236
36459,136482,139553
36460,136497,139530
36461,136501,137326
36462,136505,137338
36463,136510,138550
36464,136527,139239
36465,136529,139562
36466,136531,139529
36467,136537,139303
36468,136538,139271
36469,136539,138474
36470,136540,138263
36471,136541,139282
36472,136542,137806
36473,136544,139640
36474,136551,137183
36475,136553,139317
36476,136554,138755
36477,136555,137098
36478,136556,138016
36479,136557,139340
36480,136558,139297
36481,136561,137372
36482,136562,138341
36483,136564,137485
36484,136565,139041
36485,136566,137862
36486,136568,139682
36487,136573,139022
36488,136574,138855
36489,136576,138736
36490,136579,137779
36491,136580,139065
36492,136581,138859
36493,136582,139391
36494,136583,137826
36495,136586,137955
36496,136587,139656
36497,136589,139615
36498,136591,139168
36499,136592,139629
36500,136593,138674
36501,136594,138675
36502,136595,138006
36503,136596,139665
36504,136597,138049
36505,136598,138036
36506,136600,138097
36507,136601,139093
36508,136602,138076
36509,136604,138046
36510,136605,137415
36511,136606,137754
36512,136608,137952
36513,136610,138427
36514,136611,139224
36515,136613,138579
36516,136614,137017
36517,136616,138435
36518,136617,139547
36519,136618,139418
36520,136620,137095
36521,136621,137519
36522,136622,138089
36523,136623,138108
36524,136624,139564
36525,136625,139310
36526,136626,137803
36527,136628,139511
36528,136629,137947
36529,136630,138110
36530,136631,137225
36531,136633,138007
36532,136635,138001
36533,136637,137521
36534,136638,137539
36535,136640,138130
36536,136641,137874
36537,136642,138207
36538,136643,138208
36539,136644,138490
36540,136645,137962
36541,136648,139555
36542,136649,137376
36543,136650,138960
36544,136651,137752
36545,136655,139525
36546,136657,138212
36547,136658,139295
36548,136659,137817
36549,136661,137551
36550,136663,137982
36551,136665,139188
36552,136666,137887
36553,136667,138497
36554,136668,137407
36555,136669,139566
36556,136670,139532
36557,136671,138330
36558,136673,138510
36559,136674,139535
36560,136676,139417
36561,136678,138668
36562,136682,139073
36563,136683,138558
36564,136684,139568
36565,136686,138559
36566,136687,137999
36567,136690,139136
36568,136691,138462
36569,136694,138306
36570,136695,139545
36571,136697,137197
36572,136699,137628
36573,136700,137674
36574,136701,139492
36575,136702,137908
36576,136703,138272
36577,136705,138698
36578,136706,137586
36579,136707,137711
36580,136709,137912
36581,136712,138789
36582,136715,138962
36583,136716,139554
36584,136717,138506
36585,136718,138713
36586,136719,137609
36587,136720,137917
36588,136722,138023
36589,136723,138150
36590,136724,138720
36591,136728,139559
36592,136729,138728
36593,136730,138454
36594,136731,138708
36595,136732,138129
36596,136735,139398
36597,136736,137746
36598,136737,138209
36599,136738,137093
36600,136739,138743
36601,136741,138282
36602,136742,138749
36603,136743,137878
36604,136744,138091
36605,136745,138134
36606,136747,137810
36607,136748,138267
36608,136749,138499
36609,136752,138268
36610,136753,137614
36611,136754,138702
36612,136755,138842
36613,136756,138364
36614,136757,139148
36615,136758,139256
36616,136759,137863
36617,136760,137865
36618,136761,138251
36619,136762,139387
36620,136763,139692
36621,136764,137924
36622,136765,139694
36623,136767,137490
36624,136768,138684
36625,136769,138664
36626,136770,137875
36627,136771,138740
36628,136772,138416
36629,136773,139599
36630,136774,139600
36631,136775,139666
36632,136777,138946
36633,136778,138402
36634,136779,138375
36635,136780,137679
36636,136781,138173
36637,136783,139077
36638,136784,139078
36639,136786,139644
36640,136789,138802
36641,136790,138243
36642,136791,138945
36643,136795,137467
36644,136796,139270
36645,136797,139359
36646,136798,138642
36647,136799,137597
36648,136800,138069
36649,136801,139686
36650,136802,138255
36651,136803,138936
36652,136804,138730
36653,136805,139202
36654,136806,139335
36655,136807,138090
36656,136808,138126
36657,136809,139290
36658,136810,138535
36659,136811,137619
36660,136812,139598
36661,136813,138159
36662,136815,139442
36663,136816,138099
36664,136817,137760
36665,136818,138314
36666,136820,137657
36667,136821,138754
36668,136822,138831
36669,136827,139129
36670,136829,139607
36671,136830,138803
36672,136835,138763
36673,136837,139698
36674,136838,137827
36675,136839,139445
36676,136841,138162
36677,136842,139453
36678,136843,138174
36679,136844,137295
36680,136845,138218
36681,136846,138219
36682,136847,139121
36683,136848,139474
36684,136852,139055
36685,136853,138136
36686,136855,137477
36687,136856,138840
36688,136857,138657
36689,136858,138852
36690,136859,138175
36691,136861,138160
36692,136862,137504
36693,136863,138227
36694,136864,137277
36695,136865,138425
36696,136867,137821
36697,136869,137851
36698,136870,138238
36699,136871,137858
36700,136872,138849
36701,136874,138063
36702,136875,138141
36703,136876,138398
36704,136877,138206
36705,136878,138405
36706,136879,139523
36707,136880,138154
36708,136881,138524
36709,136882,138201
36710,136884,138203
36711,136885,138053
36712,136886,137829
36713,136887,137916
36714,136888,138103
36715,136889,138412
36716,136890,138536
36717,136891,137796
36718,136892,139098
36719,136894,138953
36720,136895,138627
36721,136896,138464
36722,136898,138529
36723,136899,139331
36724,136900,139090
36725,136901,138544
36726,136902,139356
36727,136903,138319
36728,136904,139276
36729,136905,139157
36730,136906,138996
36731,136907,138884
36732,136909,138399
36733,136910,139361
36734,136911,139211
36735,136915,138346
36736,136916,139528
36737,136918,139020
36738,136919,138234
36739,136922,137573
36740,136923,139546
36741,136924,137830
36742,136925,138240
36743,136926,138367
36744,136927,138641
36745,136928,139229
36746,136929,138226
36747,136930,137439
36748,136931,139232
36749,136932,137533
36750,136933,138910
36751,136934,138283
36752,136935,139526
36753,136936,138400
36754,136937,138254
36755,136938,137659
36756,136939,137603
36757,136940,139390
36758,136941,138875
36759,136942,139233
36760,136943,138082
36761,136944,139565
36762,136945,138995
36763,136946,139405
36764,136947,138417
36765,136948,138768
36766,136950,138242
36767,136951,138853
36768,136952,138260
36769,136955,138278
36770,136956,138279
36771,136957,138280
36772,136958,138298
36773,136959,138530
36774,136961,139459
36775,136962,138943
36776,136963,138161
36777,136964,138337
36778,136965,139118
36779,136966,138531
36780,136967,139068
36781,136968,138291
36782,136969,138619
36783,136970,139609
36784,136971,138948
36785,136973,138623
36786,136974,138950
36787,136975,137877
36788,136977,138098
36789,136978,137967
36790,136979,138759
36791,136982,137975
36792,136984,138288
36793,136985,138313
36794,136987,137654
36795,136988,138967
36796,136989,138741
36797,136990,139300
36798,136991,138216
36799,136992,138320
36800,136994,137645
36801,136995,137889
36802,136996,138647
36803,136997,138323
36804,136998,138420
36805,136999,138649
36806,137000,137771
36807,137001,138978
36808,137002,137427
36809,137003,138652
36810,137004,138653
36811,137005,138329
36812,137006,138472
36813,137007,138658
36814,137011,138439
36815,137013,138350
36816,137014,139322
36817,137015,138333
36818,137019,138229
36819,137020,138779
36820,137021,138465
36821,137024,138891
36822,137026,137915
36823,137027,139648
36824,137028,138873
36825,137029,138351
36826,137030,138021
36827,137032,138406
36828,137033,138355
36829,137035,138005
36830,137036,138270
36831,137037,138028
36832,137038,138182
36833,137039,138030
36834,137040,138360
36835,137042,138186
36836,137043,138565
36837,137044,137942
36838,137045,138376
36839,137046,138903
36840,137047,139748
36841,137048,138188
36842,137049,138697
36843,137051,137910
36844,137052,138700
36845,137053,137860
36846,137055,138241
36847,137056,139674
36848,137057,138378
36849,137059,139370
36850,137060,137891
36851,137061,138384
36852,137062,137280
36853,137063,138389
36854,137067,139089
36855,137068,138295
36856,137069,138368
36857,137070,139616
36858,137071,138915
36859,137072,138726
36860,137073,139689
36861,137074,137969
36862,137075,139691
36863,137076,139189
36864,137077,138381
36865,137078,139374
36866,137080,139258
36867,137081,138409
36868,137082,138084
36869,137084,138590
36870,137085,138085
36871,137086,139661
36872,137087,137808
36873,137088,139063
36874,137089,138318
36875,137090,139092
36876,137091,138922
36877,137092,138092
36878,137096,137840
36879,137099,138475
36880,137102,139481
36881,137103,138354
36882,137104,137934
36883,137105,137435
36884,137106,138848
36885,137108,138055
36886,137109,138434
36887,137111,139684
36888,137112,138293
36889,137113,138527
36890,137114,137868
36891,137115,138438
36892,137116,138436
36893,137117,138437
36894,137118,138871
36895,137123,139537
36896,137124,139228
36897,137125,139431
36898,137129,138444
36899,137132,138814
36900,137133,137758
36901,137134,138969
36902,137136,138470
36903,137137,138556
36904,137138,138363
36905,137139,137892
36906,137140,139174
36907,137142,138837
36908,137145,139011
36909,137146,139082
36910,137149,139115
36911,137151,137805
36912,137153,138537
36913,137156,138146
36914,137157,137946
36915,137158,138458
36916,137159,138552
36917,137160,138498
36918,137161,139139
36919,137163,138489
36920,137166,137957
36921,137167,138297
36922,137168,138820
36923,137169,138491
36924,137170,139473
36925,137172,139635
36926,137173,139289
36927,137174,138957
36928,137175,138421
36929,137176,139713
36930,137177,138467
36931,137178,138172
36932,137179,137812
36933,137180,138477
36934,137181,138828
36935,137182,139306
36936,137184,139176
36937,137185,138194
36938,137187,138503
36939,137188,139163
36940,137189,139325
36941,137190,138624
36942,137191,139456
36943,137192,139218
36944,137193,138157
36945,137194,139127
36946,137195,139167
36947,137196,138564
36948,137198,138901
36949,137199,139617
36950,137200,138003
36951,137201,138371
36952,137202,138512
36953,137204,138909
36954,137205,138349
36955,137207,138060
36956,137208,138751
36957,137209,139151
36958,137210,138890
36959,137211,139042
36960,137212,138515
36961,137214,138918
36962,137215,139506
36963,137216,138152
36964,137218,139396
36965,137219,139134
36966,137220,139403
36967,137221,138809
36968,137222,138415
36969,137223,138858
36970,137224,139187
36971,137227,138864
36972,137228,138616
36973,137229,139220
36974,137230,138621
36975,137231,139067
36976,137232,138705
36977,137233,138650
36978,137235,138694
36979,137238,139212
36980,137239,139025
36981,137240,139389
36982,137241,137886
36983,137242,138643
36984,137243,138644
36985,137244,138832
36986,137245,138618
36987,137246,137894
36988,137247,138252
36989,137248,138693
36990,137249,139710
36991,137250,138340
36992,137252,138997
36993,137253,138232
36994,137255,138687
36995,137256,139402
36996,137257,139223
36997,137259,138905
36998,137260,138724
36999,137261,138712
37000,137262,138715
37001,137263,138193
37002,137265,139560
37003,137266,139561
37004,137267,137925
37005,137268,139244
37006,137269,139246
37007,137270,138430
37008,137271,138429
37009,137272,138690
37010,137273,138486
37011,137274,138867
37012,137275,137766
37013,137278,138105
37014,137279,137716
37015,137282,138608
37016,137283,138677
37017,137284,138609
37018,137285,138971
37019,137286,139262
37020,137287,139409
37021,137288,139382
37022,137292,138614
37023,137293,139191
37024,137294,138747
37025,137296,138819
37026,137297,138481
37027,137299,138167
37028,137300,138681
37029,137301,139144
37030,137302,137642
37031,137303,138538
37032,137304,138533
37033,137305,138540
37034,137307,138463
37035,137308,138045
37036,137309,138651
37037,137310,139198
37038,137314,138961
37039,137315,139326
37040,137316,139312
37041,137317,138870
37042,137318,139478
37043,137319,137981
37044,137320,139448
37045,137322,138545
37046,137323,138663
37047,137325,138830
37048,137327,138115
37049,137328,138656
37050,137329,138937
37051,137330,138984
37052,137331,137997
37053,137332,139152
37054,137333,138648
37055,137334,139319
37056,137335,138573
37057,137336,138799
37058,137337,138335
37059,137339,138847
37060,137341,139081
37061,137342,138992
37062,137343,139466
37063,137345,138610
37064,137346,139508
37065,137347,138672
37066,137348,139647
37067,137352,139649
37068,137353,139339
37069,137357,138686
37070,137358,139348
37071,137359,139349
37072,137360,138548
37073,137363,138033
37074,137364,139351
37075,137365,138328
37076,137366,138239
37077,137367,138571
37078,137368,138566
37079,137370,138547
37080,137371,138695
37081,137374,138042
37082,137375,139277
37083,137377,139373
37084,137379,139496
37085,137380,138572
37086,137383,138562
37087,137386,137914
37088,137387,138711
37089,137388,138580
37090,137389,138532
37091,137391,138716
37092,137393,139178
37093,137395,139135
37094,137396,138807
37095,137398,138913
37096,137399,139480
37097,137400,138070
37098,137401,138725
37099,137402,138397
37100,137403,138584
37101,137404,138546
37102,137405,138256
37103,137406,138079
37104,137408,139394
37105,137409,139057
37106,137411,139059
37107,137412,138735
37108,137416,139399
37109,137417,139045
37110,137418,138739
37111,137419,138857
37112,137420,139094
37113,137421,139186
37114,137422,138742
37115,137423,139153
37116,137424,138487
37117,137425,137753
37118,137426,139117
37119,137428,138513
37120,137430,139343
37121,137431,138613
37122,137432,137941
37123,137434,138757
37124,137436,138433
37125,137437,138906
37126,137438,138504
37127,137440,139039
37128,137441,139040
37129,137442,138187
37130,137443,138806
37131,137444,138281
37132,137445,138793
37133,137452,138166
37134,137453,138410
37135,137454,137983
37136,137455,138797
37137,137458,139660
37138,137461,139002
37139,137464,138783
37140,137465,138991
37141,137468,138786
37142,137469,138518
37143,137470,138788
37144,137471,138585
37145,137472,138586
37146,137473,138813
37147,137475,139155
37148,137478,139315
37149,137480,138989
37150,137482,139643
37151,137483,138012
37152,137486,138516
37153,137488,139677
37154,137489,138484
37155,137491,139247
37156,137492,139248
37157,137493,138093
37158,137494,138821
37159,137495,139470
37160,137496,138815
37161,137498,138816
37162,137499,138770
37163,137500,138617
37164,137501,138949
37165,137502,138628
37166,137503,139352
37167,137505,138752
37168,137506,138835
37169,137507,139668
37170,137508,138599
37171,137509,138836
37172,137513,139730
37173,137514,139054
37174,137516,138144
37175,137518,139383
37176,137520,138222
37177,137524,139502
37178,137525,139175
37179,137526,138394
37180,137527,139385
37181,137528,138521
37182,137529,139563
37183,137531,138414
37184,137532,138925
37185,137534,139602
37186,137535,139603
37187,137536,138934
37188,137540,138866
37189,137541,139252
37190,137542,139194
37191,137545,138133
37192,137547,139190
37193,137548,139196
37194,137549,138966
37195,137552,138135
37196,137553,138972
37197,137554,139048
37198,137555,138505
37199,137557,139199
37200,137558,138983
37201,137559,138987
37202,137561,138952
37203,137564,139215
37204,137566,139216
37205,137567,138894
37206,137568,139182
37207,137569,139003
37208,137571,139007
37209,137575,138485
37210,137577,138509
37211,137578,138520
37212,137579,139018
37213,137581,138131
37214,137582,138418
37215,137583,138147
37216,137584,139357
37217,137587,139230
37218,137588,139243
37219,137589,139030
37220,137590,138917
37221,137591,139032
37222,137592,139034
37223,137593,138246
37224,137594,139377
37225,137595,139177
37226,137596,138192
37227,137599,139049
37228,137600,139688
37229,137601,139052
37230,137602,138132
37231,137605,139056
37232,137607,138591
37233,137610,139522
37234,137611,138202
37235,137612,139406
37236,137613,138595
37237,137615,139412
37238,137616,138576
37239,137617,138808
37240,137618,138604
37241,137620,138792
37242,137621,138932
37243,137622,139513
37244,137623,139514
37245,137624,139046
37246,137625,138812
37247,137626,138250
37248,137627,138539
37249,137629,138488
37250,137630,139165
37251,137631,139071
37252,137632,139120
37253,137633,139050
37254,137634,138087
37255,137635,139204
37256,137636,139278
37257,137638,139226
37258,137639,139080
37259,137640,139701
37260,137641,138704
37261,137643,138872
37262,137646,138492
37263,137649,138308
37264,137651,138964
37265,137652,138635
37266,137653,138878
37267,137655,138494
37268,137656,138401
37269,137660,138881
37270,137661,139207
37271,137662,139085
37272,137663,138776
37273,137667,139531
37274,137668,138326
37275,137669,138999
37276,137670,139036
37277,137671,138980
37278,137672,139313
37279,137673,139314
37280,137675,138833
37281,137676,138659
37282,137677,139079
37283,137678,139534
37284,137681,138907
37285,137687,138181
37286,137689,138557
37287,137690,138850
37288,137692,139334
37289,137693,139235
37290,137695,138560
37291,137696,138885
37292,137698,138307
37293,137700,138895
37294,137701,139542
37295,137704,138897
37296,137706,138691
37297,137707,139441
37298,137708,138727
37299,137709,138731
37300,137712,139021
37301,137714,139210
37302,137715,138602
37303,137717,139027
37304,137718,138373
37305,137719,138245
37306,137720,138865
37307,137721,139031
37308,137722,138902
37309,137724,138908
37310,137725,139675
37311,137726,138577
37312,137728,139037
37313,137729,138911
37314,137730,139515
37315,137731,138787
37316,137732,139292
37317,137734,138327
37318,137735,138575
37319,137737,138854
37320,137738,138882
37321,137740,138916
37322,137741,139053
37323,137742,139132
37324,137743,139393
37325,137744,138766
37326,137747,138841
37327,137748,139193
37328,137750,138261
37329,137751,139652
37330,137755,139137
37331,137756,139265
37332,137759,139142
37333,137763,138502
37334,137764,139156
37335,137765,138102
37336,137769,138507
37337,137773,138453
37338,137774,139043
37339,137775,139700
37340,137776,138522
37341,137777,139468
37342,137778,139397
37343,137780,139096
37344,137781,139097
37345,137782,139110
37346,137783,139070
37347,137784,138265
37348,137786,138974
37349,137789,138979
37350,137792,138294
37351,137795,139109
37352,137798,138784
37353,137799,139112
37354,137801,139114
37355,137802,138765
37356,137807,138287
37357,137809,138361
37358,137814,139503
37359,137816,138450
37360,137818,139381
37361,137820,139179
37362,137822,139510
37363,137823,138733
37364,137825,138526
37365,137828,139260
37366,137831,139266
37367,137832,139162
37368,137833,139462
37369,137834,138387
37370,137835,138493
37371,137836,139009
37372,137841,138471
37373,137842,138982
37374,137843,139143
37375,137846,138466
37376,137847,138889
37377,137849,139138
37378,137850,139345
37379,137852,138309
37380,137853,138844
37381,137854,139015
37382,137855,139723
37383,137856,138904
37384,137857,138262
37385,137861,138338
37386,137864,139379
37387,137866,138274
37388,137867,139294
37389,137869,139095
37390,137871,138862
37391,137872,139140
37392,137873,138500
37393,137880,138958
37394,137881,138877
37395,137882,138636
37396,137883,138634
37397,137884,139203
37398,137885,139298
37399,137888,139332
37400,137893,139320
37401,137896,139158
37402,137899,138869
37403,137904,138561
37404,137905,138688
37405,137909,138846
37406,137911,138370
37407,137913,138654
37408,137918,138680
37409,137919,138583
37410,137920,138912
37411,137921,138762
37412,137922,139231
37413,137923,139241
37414,137927,139279
37415,137929,139062
37416,137930,138244
37417,137932,138923
37418,137933,138924
37419,137935,139272
37420,137936,138944
37421,137937,138941
37422,137938,138973
37423,137939,138990
37424,137940,138269
37425,137943,138954
37426,137944,139209
37427,137945,138951
37428,137948,139263
37429,137949,139437
37430,137950,138938
37431,137951,138939
37432,137953,139026
37433,137954,139141
37434,137956,138461
37435,137959,139195
37436,137961,138926
37437,137963,138822
37438,137964,138927
37439,137965,139369
37440,137968,138795
37441,137972,138633
37442,137973,138495
37443,137974,139400
37444,137977,138542
37445,137980,138640
37446,137985,138928
37447,137988,138976
37448,137989,138469
37449,137990,139075
37450,137991,139308
37451,137992,139419
37452,137993,139633
37453,137994,139219
37454,137995,139102
37455,137996,138551
37456,138002,139206
37457,138009,138448
37458,138015,139214
37459,138017,139311
37460,138018,138570
37461,138019,139336
37462,138025,139487
37463,138026,139543
37464,138029,139201
37465,138031,139404
37466,138032,139433
37467,138035,138709
37468,138039,139354
37469,138040,138930
37470,138044,139172
37471,138047,138703
37472,138051,138574
37473,138052,139368
37474,138054,138717
37475,138056,138804
37476,138057,139375
37477,138058,139234
37478,138059,138248
37479,138062,138553
37480,138065,138981
37481,138067,139166
37482,138068,138829
37483,138071,139386
37484,138073,139388
37485,138074,139365
37486,138075,139284
37487,138077,138919
37488,138078,139242
37489,138080,138607
37490,138094,139249
37491,138095,138810
37492,138096,138931
37493,138100,139164
37494,138104,138800
37495,138106,138431
37496,138107,139170
37497,138109,139434
37498,138111,139283
37499,138112,139440
37500,138113,138778
37501,138114,139423
37502,138116,138777
37503,138117,139429
37504,138118,138781
37505,138119,139432
37506,138122,139549
37507,138124,139438
37508,138128,139516
37509,138138,139307
37510,138139,139454
37511,138140,138988
37512,138145,138782
37513,138151,138977
37514,138153,138825
37515,138168,139145
37516,138169,139707
37517,138170,139360
37518,138176,139324
37519,138177,138665
37520,138178,139328
37521,138183,139014
37522,138184,139086
37523,138185,139250
37524,138189,139415
37525,138190,139673
37526,138195,139576
37527,138196,139181
37528,138197,139695
37529,138198,139149
37530,138199,139061
37531,138204,139122
37532,138205,138678
37533,138210,139693
37534,138211,139197
37535,138213,138863
37536,138214,139333
37537,138215,139622
37538,138217,139624
37539,138220,139304
37540,138224,139636
37541,138225,138554
37542,138230,139685
37543,138231,139105
37544,138233,138679
37545,138235,139653
37546,138236,139376
37547,138237,139337
37548,138249,138722
37549,138253,139687
37550,138266,139625
37551,138271,139662
37552,138273,139667
37553,138275,139612
37554,138277,139119
37555,138284,138935
37556,138285,139264
37557,138289,139575
37558,138290,139273
37559,138292,139594
37560,138300,139589
37561,138301,139072
37562,138303,139590
37563,138304,139285
37564,138305,139613
37565,138310,138631
37566,138311,139200
37567,138312,139293
37568,138317,138880
37569,138322,139597
37570,138324,139083
37571,138325,139318
37572,138331,139125
37573,138332,139634
37574,138334,138660
37575,138343,139208
37576,138344,138612
37577,138347,138998
37578,138348,139217
37579,138352,139540
37580,138353,139344
37581,138356,139329
37582,138357,139426
37583,138359,139221
37584,138362,139350
37585,138366,139019
37586,138372,139159
37587,138374,139380
37588,138377,139497
37589,138379,139033
37590,138380,139074
37591,138382,139371
37592,138383,139724
37593,138386,138581
37594,138390,138965
37595,138392,138655
37596,138393,139683
37597,138395,138963
37598,138396,139384
37599,138403,139051
37600,138411,139637
37601,138413,139401
37602,138419,139267
37603,138423,138929
37604,138442,139301
37605,138443,139557
37606,138449,139427
37607,138452,139551
37608,138456,139582
37609,138468,139620
37610,138476,139586
37611,138478,139659
37612,138479,139275
37613,138508,139490
37614,138514,139669
37615,138517,139245
37616,138519,139498
37617,138523,139133
37618,138528,139185
37619,138549,139305
37620,138568,139227
37621,138578,139676
37622,138582,138868
37623,138594,139286
37624,138596,139302
37625,138598,139255
37626,138600,139355
37627,138606,139407
37628,138611,139621
37629,138615,139251
37630,138625,139254
37631,138629,139330
37632,138630,139291
37633,138637,139341
37634,138639,139605
37635,138645,139253
37636,138646,139626
37637,138662,139505
37638,138669,139588
37639,138671,139645
37640,138673,139413
37641,138682,139342
37642,138696,139493
37643,138701,139367
37644,138706,139654
37645,138707,139410
37646,138714,139113
37647,138718,139491
37648,138719,139558
37649,138721,139447
37650,138723,139280
37651,138729,139261
37652,138734,139395
37653,138737,139183
37654,138738,139460
37655,138744,139259
37656,138758,139632
37657,138761,139004
37658,138769,139430
37659,138772,139524
37660,138774,139281
37661,138785,139436
37662,138791,139452
37663,138794,139569
37664,138796,139378
37665,138805,139411
37666,138818,139338
37667,138823,139287
37668,138824,139614
37669,138838,139642
37670,138839,139269
37671,138887,139717
37672,138888,139538
37673,138896,139414
37674,138920,139601
37675,138942,139571
37676,138956,139425
37677,138986,139428
37678,138993,139457
37679,139006,139464
37680,139013,139658
37681,139028,139435
37682,139064,139702
37683,139066,139567
37684,139101,139628
37685,139107,139541
37686,139111,139527
37687,139124,139718
37688,139131,139681
37689,138958,139444
37690,139312,139446
37691,137896,139449
37692,138549,139450
37693,137013,139455
37694,137029,139461
37695,137358,139465
37696,138378,139467
37697,137947,139469
37698,138373,139471
37699,138477,139486
37700,136928,139495
37701,139234,139500
37702,139235,139501
37703,137774,139504
37704,137412,139509
37705,137159,139512
37706,136998,139520
37707,137300,139521
37708,137011,139533
37709,137704,139544
37710,137549,139550
37711,137439,139552
37712,137602,139573
37713,137981,139610
37714,139026,139671
37715,137441,139679
37716,139258,139696
37717,136813,139708
37718,136958,139709
37719,138174,139715
37720,138574,139719
37721,138409,139726
37722,138614,139731
37723,137021,139734
37724,137279,139749
37725,137618,139751
37726,138609,139765
37727,137821,139783
37728,136817,139792
37729,136945,139812
37730,137443,139890
37731,139333,139896
37732,139967,141287
37733,139991,141436
37734,140082,141439
37735,140142,141746
37736,140165,140917
37737,140168,140487
37738,140211,141277
37739,140258,141382
37740,140308,141350
37741,140401,141330
37742,140510,140954
37743,140670,141119
37744,140719,143302
37745,140848,141420
37746,140851,141138
37747,140867,143099
37748,140909,143661
37749,140913,144237
37750,140929,141549
37751,140943,143249
37752,140944,141826
37753,140961,143211
37754,140975,144258
37755,140978,143505
37756,140981,141803
37757,140986,142136
37758,140990,142329
37759,140992,142350
37760,140999,143373
37761,141002,142135
37762,141024,142559
37763,141042,143518
37764,141081,141315
37765,141094,141385
37766,141113,143639
37767,141122,144011
37768,141123,144770
37769,141127,142773
37770,141132,143615
37771,141139,144911
37772,141149,144467
37773,141366,143755
37774,141616,143663
37775,141635,144716
37776,141636,143716
37777,141640,144726
37778,141760,143568
37779,141773,143585
37780,141777,144579
37781,141779,144592
37782,141849,142575
37783,141855,144079
37784,141865,145085
37785,141866,143868
37786,141868,142734
37787,141880,143626
37788,141881,143750
37789,141882,144678
37790,141885,144640
37791,141886,144677
37792,141890,143100
37793,141891,143658
37794,141892,142336
37795,141893,144638
37796,141894,143059
37797,141895,143348
37798,141898,143233
37799,141901,144628
37800,141905,145009
37801,141908,143198
37802,141909,145083
37803,141912,144373
37804,141915,143682
37805,141916,144534
37806,141918,143532
37807,141920,143660
37808,141922,143753
37809,141923,143757
37810,141924,144745
37811,141934,144758
37812,141935,143897
37813,141936,144764
37814,141939,143974
37815,141940,143229
37816,141942,144333
37817,141943,143996
37818,141944,143998
37819,141948,144018
37820,141949,143987
37821,141950,143311
37822,141951,143589
37823,141952,142836
37824,141953,143251
37825,141954,144019
37826,141955,143549
37827,141957,144077
37828,141959,143414
37829,141960,143082
37830,141961,144544
37831,141962,143837
37832,141963,143429
37833,141964,144590
37834,141965,143542
37835,141967,143376
37836,141968,143417
37837,141969,143263
37838,141971,143267
37839,141973,143380
37840,141977,144868
37841,141978,143546
37842,141979,143547
37843,141980,143831
37844,141981,143844
37845,141982,143218
37846,141983,143296
37847,141984,143713
37848,141985,144311
37849,141986,143451
37850,141987,144270
37851,141988,143315
37852,141989,144284
37853,141990,142820
37854,141993,143816
37855,141994,143649
37856,141998,144228
37857,141999,144123
37858,142000,143655
37859,142001,143737
37860,142002,144154
37861,142003,143119
37862,142004,144327
37863,142005,144817
37864,142006,143567
37865,142007,143320
37866,142008,144883
37867,142010,143995
37868,142011,144238
37869,142012,144449
37870,142014,143892
37871,142015,144190
37872,142016,143339
37873,142017,144128
37874,142018,143101
37875,142019,144867
37876,142020,144339
37877,142021,144489
37878,142024,143428
37879,142025,143014
37880,142026,143338
37881,142029,143774
37882,142030,142830
37883,142031,143461
37884,142036,143908
37885,142037,143909
37886,142038,143573
37887,142040,143323
37888,142041,142869
37889,142042,144657
37890,142045,143881
37891,142047,143756
37892,142048,143709
37893,142049,142797
37894,142050,143810
37895,142051,143711
37896,142053,144683
37897,142055,143048
37898,142056,143968
37899,142057,145026
37900,142060,143438
37901,142061,144584
37902,142063,143054
37903,142064,143382
37904,142066,145032
37905,142068,143154
37906,142069,143780
37907,142072,144608
37908,142074,143740
37909,142078,143165
37910,142079,143746
37911,142080,144918
37912,142082,142748
37913,142083,143596
37914,142084,144602
37915,142085,143566
37916,142086,144515
37917,142087,143759
37918,142088,143540
37919,142092,142997
37920,142093,143160
37921,142094,143605
37922,142095,142618
37923,142097,144142
37924,142098,143608
37925,142099,144099
37926,142101,144175
37927,142102,143208
37928,142103,143287
37929,142104,143172
37930,142105,144654
37931,142108,143147
37932,142110,144012
37933,142111,145000
37934,142112,144649
37935,142113,144191
37936,142114,143244
37937,142115,144370
37938,142117,144382
37939,142118,143735
37940,142119,144451
37941,142123,143416
37942,142124,143411
37943,142125,143090
37944,142126,143883
37945,142127,143559
37946,142130,144957
37947,142131,143775
37948,142132,144956
37949,142133,144003
37950,142134,144569
37951,142137,144960
37952,142138,144725
37953,142141,145024
37954,142142,143106
37955,142145,144713
37956,142146,142784
37957,142147,145043
37958,142148,143836
37959,142149,144754
37960,142150,144094
37961,142151,143768
37962,142152,143696
37963,142153,143582
37964,142154,144147
37965,142156,143166
37966,142157,143481
37967,142158,143169
37968,142159,143788
37969,142161,143146
37970,142162,144914
37971,142163,144188
37972,142165,143161
37973,142167,144157
37974,142168,144997
37975,142169,143853
37976,142174,143804
37977,142178,143929
37978,142179,144472
37979,142180,142844
37980,142181,143791
37981,142183,143811
37982,142184,143508
37983,142185,144500
37984,142187,143689
37985,142188,143509
37986,142189,144084
37987,142192,143646
37988,142194,144289
37989,142195,144806
37990,142196,143817
37991,142197,144512
37992,142198,144031
37993,142199,143876
37994,142200,142857
37995,142201,144125
37996,142202,143665
37997,142203,143096
37998,142204,143521
37999,142205,143492
38000,142206,143866
38001,142207,143571
38002,142208,143511
38003,142210,143678
38004,142211,143524
38005,142212,143526
38006,142214,143859
38007,142215,143710
38008,142216,143512
38009,142217,143473
38010,142218,143828
38011,142219,143875
38012,142220,144986
38013,142221,144581
38014,142223,144203
38015,142224,144445
38016,142227,143917
38017,142228,143534
38018,142231,144538
38019,142232,142880
38020,142233,144424
38021,142234,143539
38022,142235,142884
38023,142236,143446
38024,142237,143507
38025,142238,143545
38026,142240,143960
38027,142241,144082
38028,142243,143965
38029,142245,144666
38030,142246,143410
38031,142247,143007
38032,142248,144383
38033,142250,144078
38034,142251,143664
38035,142252,143666
38036,142253,142781
38037,142254,143724
38038,142256,142622
38039,142260,143731
38040,142261,143692
38041,142262,143693
38042,142264,144221
38043,142266,144029
38044,142267,143700
38045,142268,143955
38046,142269,142706
38047,142270,143042
38048,142272,144047
38049,142273,144013
38050,142274,144260
38051,142275,144059
38052,142276,144511
38053,142277,145070
38054,142278,144066
38055,142279,144266
38056,142280,144070
38057,142283,144741
38058,142285,144739
38059,142286,143946
38060,142287,143947
38061,142288,144085
38062,142289,144092
38063,142290,143704
38064,142291,144475
38065,142292,144476
38066,142293,144319
38067,142295,144480
38068,142296,144287
38069,142297,145052
38070,142298,144294
38071,142299,143620
38072,142300,143621
38073,142301,143622
38074,142302,143930
38075,142303,143934
38076,142304,143824
38077,142305,143933
38078,142306,143681
38079,142307,144149
38080,142310,143631
38081,142311,144353
38082,142312,143633
38083,142313,143874
38084,142314,143299
38085,142316,143173
38086,142317,143554
38087,142318,143385
38088,142319,143555
38089,142320,143845
38090,142321,143992
38091,142322,143640
38092,142325,144667
38093,142326,143654
38094,142327,144486
38095,142328,144653
38096,142330,144594
38097,142331,144684
38098,142332,143638
38099,142333,144185
38100,142334,143887
38101,142335,143050
38102,142337,143923
38103,142339,143888
38104,142340,143578
38105,142342,142980
38106,142343,143569
38107,142344,144665
38108,142345,143231
38109,142347,143979
38110,142349,144189
38111,142351,144002
38112,142352,143276
38113,142353,143623
38114,142354,144597
38115,142355,144675
38116,142356,144568
38117,142357,144490
38118,142358,143306
38119,142359,143675
38120,142361,144008
38121,142364,143019
38122,142366,144096
38123,142367,143688
38124,142368,144108
38125,142369,144658
38126,142371,144439
38127,142372,143241
38128,142373,143557
38129,142378,144807
38130,142379,143641
38131,142380,143357
38132,142381,143698
38133,142382,143858
38134,142383,143699
38135,142384,143834
38136,142385,142780
38137,142388,144796
38138,142389,143579
38139,142390,144576
38140,142391,143374
38141,142392,144723
38142,142393,143707
38143,142394,143581
38144,142395,143827
38145,142396,143673
38146,142397,143577
38147,142398,143967
38148,142399,143903
38149,142400,143918
38150,142402,143586
38151,142403,145121
38152,142406,143921
38153,142407,143355
38154,142408,144587
38155,142409,143590
38156,142412,143736
38157,142413,144724
38158,142414,144392
38159,142415,144345
38160,142416,144112
38161,142417,143741
38162,142419,143158
38163,142420,143177
38164,142424,144076
38165,142425,143717
38166,142427,145046
38167,142428,144116
38168,142430,143537
38169,142431,142944
38170,142432,144102
38171,142433,143600
38172,142434,143763
38173,142436,143053
38174,142437,144863
38175,142438,143604
38176,142439,144756
38177,142440,144423
38178,142441,143544
38179,142442,143606
38180,142443,143767
38181,142444,144426
38182,142445,144742
38183,142446,144422
38184,142447,143552
38185,142451,144769
38186,142452,144444
38187,142453,144071
38188,142454,144052
38189,142456,143395
38190,142457,143406
38191,142458,144087
38192,142459,144453
38193,142460,144414
38194,142461,144028
38195,142462,143785
38196,142463,143786
38197,142465,143851
38198,142466,143551
38199,142467,143645
38200,142468,143563
38201,142469,143565
38202,142472,144896
38203,142473,143611
38204,142474,143797
38205,142475,144793
38206,142478,143794
38207,142480,143597
38208,142482,143912
38209,142483,144300
38210,142484,143629
38211,142485,144479
38212,142486,143618
38213,142489,143634
38214,142490,144182
38215,142492,145041
38216,142493,144688
38217,142495,144441
38218,142496,143034
38219,142499,144853
38220,142500,144519
38221,142502,144001
38222,142504,143203
38223,142505,143498
38224,142506,144088
38225,142507,144465
38226,142508,143819
38227,142509,143426
38228,142510,143390
38229,142511,144634
38230,142512,144834
38231,142513,143842
38232,142514,143852
38233,142515,144886
38234,142517,143787
38235,142518,143712
38236,142519,143308
38237,142520,143452
38238,142521,143792
38239,142523,143873
38240,142525,144529
38241,142527,143849
38242,142529,143904
38243,142530,144921
38244,142531,143924
38245,142532,143856
38246,142533,144329
38247,142534,144043
38248,142535,144531
38249,142538,143501
38250,142539,144866
38251,142540,144447
38252,142543,143927
38253,142544,144114
38254,142546,144539
38255,142547,143599
38256,142548,144858
38257,142550,144749
38258,142551,144782
38259,142552,144282
38260,142553,143624
38261,142554,143625
38262,142555,144870
38263,142557,144591
38264,142558,144661
38265,142560,143939
38266,142561,143514
38267,142562,143999
38268,142563,143940
38269,142565,143653
38270,142566,143882
38271,142567,143227
38272,142569,144034
38273,142571,145048
38274,142572,144599
38275,142573,143322
38276,142574,143706
38277,142576,144004
38278,142577,144254
38279,142578,143901
38280,142579,143525
38281,142580,144521
38282,142581,144347
38283,142583,143991
38284,142584,145008
38285,142586,143242
38286,142588,144761
38287,142589,144697
38288,142590,145006
38289,142591,144007
38290,142592,143916
38291,142593,143779
38292,142594,143919
38293,142596,144491
38294,142597,144241
38295,142598,144056
38296,142599,144714
38297,142600,145031
38298,142601,144372
38299,142602,143396
38300,142603,143636
38301,142604,144061
38302,142606,145040
38303,142607,143405
38304,142608,143978
38305,142609,144736
38306,142611,145045
38307,142612,145047
38308,142613,143935
38309,142614,145051
38310,142615,144619
38311,142616,144093
38312,142617,144620
38313,142619,144564
38314,142620,144097
38315,142621,144759
38316,142624,143895
38317,142625,144324
38318,142626,144101
38319,142627,144288
38320,142628,144777
38321,142629,143958
38322,142630,143959
38323,142631,144958
38324,142632,143510
38325,142634,144148
38326,142635,144074
38327,142639,143635
38328,142640,143900
38329,142641,144310
38330,142642,143970
38331,142643,143886
38332,142645,144551
38333,142646,143890
38334,142647,143976
38335,142648,142977
38336,142650,144969
38337,142652,144536
38338,142654,143561
38339,142656,143975
38340,142658,143885
38341,142659,143818
38342,142661,143531
38343,142662,144925
38344,142663,144563
38345,142664,144048
38346,142665,144988
38347,142668,143994
38348,142670,143893
38349,142672,143330
38350,142673,144671
38351,142674,144337
38352,142675,143558
38353,142676,143899
38354,142678,143671
38355,142679,143672
38356,142680,143367
38357,142682,144131
38358,142683,144639
38359,142684,144264
38360,142685,144195
38361,142686,144477
38362,142687,144106
38363,142689,143436
38364,142691,144390
38365,142692,143945
38366,142693,143497
38367,142694,144898
38368,142695,144021
38369,142697,144899
38370,142698,144585
38371,142699,144025
38372,142701,144033
38373,142702,143913
38374,142704,144528
38375,142705,143898
38376,142708,144616
38377,142709,144369
38378,142710,144045
38379,142711,144905
38380,142712,144262
38381,142714,144547
38382,142716,143719
38383,142717,144053
38384,142718,143375
38385,142719,144090
38386,142720,144637
38387,142722,144588
38388,142724,144926
38389,142725,144159
38390,142727,144067
38391,142728,143570
38392,142729,143588
38393,142730,143739
38394,142731,144113
38395,142738,144949
38396,142741,143257
38397,142742,144922
38398,142743,144016
38399,142744,144080
38400,142746,143381
38401,142747,143515
38402,142749,144882
38403,142751,144283
38404,142752,144146
38405,142753,145053
38406,142754,144212
38407,142755,144293
38408,142756,144781
38409,142758,144118
38410,142759,145054
38411,142762,144694
38412,142763,144419
38413,142764,143543
38414,142765,143941
38415,142766,144783
38416,142767,143493
38417,142768,144611
38418,142770,143770
38419,142771,143093
38420,142772,143961
38421,142774,143583
38422,142775,144765
38423,142776,143644
38424,142778,144207
38425,142779,144994
38426,142782,144055
38427,142783,144778
38428,142785,143938
38429,142786,143584
38430,142787,144455
38431,142788,144247
38432,142789,143784
38433,142790,144119
38434,142791,144803
38435,142793,143964
38436,142794,143328
38437,142798,144129
38438,142799,143796
38439,142800,143462
38440,142801,143798
38441,142804,144381
38442,142809,144139
38443,142810,143808
38444,142812,144499
38445,142813,144141
38446,142814,143418
38447,142815,143431
38448,142818,144624
38449,142819,144818
38450,142821,144391
38451,142822,144103
38452,142824,144428
38453,142825,144487
38454,142827,144566
38455,142829,144006
38456,142831,144481
38457,142832,143469
38458,142835,144130
38459,142837,143847
38460,142838,143453
38461,142840,144727
38462,142842,144010
38463,142846,144830
38464,142848,144174
38465,142849,143840
38466,142850,145030
38467,142851,144179
38468,142852,143877
38469,142853,144178
38470,142854,144967
38471,142855,144348
38472,142859,144176
38473,142861,144104
38474,142862,143234
38475,142865,143854
38476,142866,144525
38477,142867,144193
38478,142872,144582
38479,142873,143861
38480,142874,144753
38481,142878,144166
38482,142879,144210
38483,142881,145021
38484,142883,144828
38485,142885,143977
38486,142886,144037
38487,142888,144659
38488,142889,144959
38489,142890,144629
38490,142891,144546
38491,142893,143217
38492,142894,144964
38493,142895,144246
38494,142896,144406
38495,142897,143687
38496,142898,144416
38497,142899,143553
38498,142900,144314
38499,142901,144315
38500,142902,144559
38501,142903,144322
38502,142904,143312
38503,142905,144325
38504,142906,143990
38505,142907,144330
38506,142908,144187
38507,142909,144437
38508,142912,143695
38509,142913,143572
38510,142915,144343
38511,142916,144133
38512,142918,144572
38513,142920,144558
38514,142922,143648
38515,142923,144200
38516,142924,144359
38517,142925,144361
38518,142927,144364
38519,142928,144256
38520,142929,145020
38521,142930,144374
38522,142931,143247
38523,142933,143550
38524,142934,144711
38525,142935,143910
38526,142936,143727
38527,142937,144292
38528,142938,143591
38529,142939,144394
38530,142941,143752
38531,142942,144721
38532,142943,144740
38533,142945,144743
38534,142946,144117
38535,142947,144410
38536,142948,144086
38537,142949,144213
38538,142950,144385
38539,142951,143266
38540,142952,144610
38541,142954,144549
38542,142955,144124
38543,142957,143454
38544,142958,144000
38545,142959,144173
38546,142960,144098
38547,142961,144492
38548,142962,144297
38549,142963,144545
38550,142964,144376
38551,142965,144633
38552,142966,144732
38553,142967,143963
38554,142968,144432
38555,142970,144554
38556,142971,144871
38557,142972,144903
38558,142973,144417
38559,142974,144552
38560,142975,144225
38561,142976,143879
38562,142979,144150
38563,142981,143650
38564,142983,143839
38565,142984,144229
38566,142985,143884
38567,142987,143936
38568,142988,144513
38569,142989,144425
38570,142991,144234
38571,142992,144235
38572,142994,144884
38573,142995,143891
38574,142996,144126
38575,142998,144766
38576,142999,144366
38577,143000,144889
38578,143002,144336
38579,143003,144672
38580,143004,144338
38581,143005,144242
38582,143006,144690
38583,143008,144790
38584,143009,144044
38585,143010,144812
38586,143011,144747
38587,143012,143676
38588,143013,144231
38589,143015,144815
38590,143016,143378
38591,143017,144650
38592,143018,144172
38593,143020,144349
38594,143021,144039
38595,143026,144847
38596,143029,144561
38597,143031,143911
38598,143033,144198
38599,143035,144574
38600,143036,144408
38601,143037,144032
38602,143038,144250
38603,143041,144252
38604,143043,144041
38605,143044,144821
38606,143045,144852
38607,143046,143298
38608,143049,143760
38609,143051,143722
38610,143052,144054
38611,143055,144586
38612,143056,143931
38613,143057,144271
38614,143058,145033
38615,143060,144296
38616,143061,144132
38617,143062,143738
38618,143063,144069
38619,143065,144267
38620,143066,144872
38621,143067,144243
38622,143068,144140
38623,143070,144535
38624,143071,144733
38625,143072,144735
38626,143073,144595
38627,143074,143914
38628,143075,144403
38629,143077,144680
38630,143078,144600
38631,143079,144601
38632,143080,144273
38633,143081,144274
38634,143083,144277
38635,143086,144279
38636,143088,144864
38637,143089,143984
38638,143091,143944
38639,143092,144776
38640,143094,144306
38641,143098,145079
38642,143102,143825
38643,143103,144358
38644,143105,144857
38645,143107,144712
38646,143108,143922
38647,143109,144450
38648,143110,143870
38649,143111,143937
38650,143112,144413
38651,143113,143894
38652,143114,143973
38653,143115,144458
38654,143116,144508
38655,143117,144152
38656,143120,144562
38657,143122,144996
38658,143125,144469
38659,143126,143637
38660,143128,144468
38661,143129,143943
38662,143132,144136
38663,143133,144471
38664,143134,144457
38665,143135,144448
38666,143136,144473
38667,143138,143942
38668,143139,144024
38669,143141,144091
38670,143148,143986
38671,143150,144196
38672,143152,144209
38673,143155,144168
38674,143156,144689
38675,143159,144502
38676,143162,144215
38677,143163,144504
38678,143164,144505
38679,143167,144540
38680,143168,144506
38681,143171,144646
38682,143175,144484
38683,143178,144184
38684,143181,143782
38685,143182,144017
38686,143183,143456
38687,143184,143457
38688,143186,144520
38689,143187,144679
38690,143188,143468
38691,143190,144522
38692,143191,144516
38693,143194,144350
38694,143197,144295
38695,143200,144681
38696,143201,144981
38697,143202,144446
38698,143204,144537
38699,143205,143556
38700,143206,144081
38701,143207,144478
38702,143209,144541
38703,143210,144542
38704,143212,144298
38705,143214,144299
38706,143215,144328
38707,143216,143841
38708,143220,144312
38709,143221,144577
38710,143222,144316
38711,143223,144435
38712,143224,144269
38713,143225,144375
38714,143226,144323
38715,143228,144752
38716,143230,144648
38717,143232,144334
38718,143235,143725
38719,143236,144245
38720,143237,144692
38721,143239,144605
38722,143243,144251
38723,143248,144514
38724,143250,143857
38725,143252,144227
38726,143253,144719
38727,143254,144278
38728,143256,143865
38729,143258,143966
38730,143259,144399
38731,143260,144405
38732,143261,144603
38733,143262,144083
38734,143264,144170
38735,143265,144738
38736,143268,144421
38737,143269,143766
38738,143270,144652
38739,143271,144171
38740,143272,144313
38741,143273,144331
38742,143274,144230
38743,143275,144613
38744,143277,144153
38745,143278,144135
38746,143279,144378
38747,143280,144859
38748,143281,144144
38749,143282,144429
38750,143283,143783
38751,143285,144797
38752,143286,144626
38753,143289,144216
38754,143290,144630
38755,143292,144632
38756,143294,144305
38757,143295,144290
38758,143297,143832
38759,143300,144644
38760,143301,144751
38761,143303,144285
38762,143304,144286
38763,143305,143981
38764,143307,144307
38765,143309,143988
38766,143310,144226
38767,143316,144183
38768,143317,144560
38769,143318,144232
38770,143319,144233
38771,143321,144904
38772,143325,144057
38773,143326,144240
38774,143327,144255
38775,143329,143799
38776,143331,144673
38777,143332,143670
38778,143335,144377
38779,143336,144998
38780,143337,144411
38781,143340,144636
38782,143341,144962
38783,143343,144780
38784,143347,145005
38785,143349,144443
38786,143350,144352
38787,143351,143855
38788,143353,144607
38789,143354,144363
38790,143358,144527
38791,143359,144696
38792,143360,144201
38793,143361,145010
38794,143362,143907
38795,143363,143702
38796,143364,143826
38797,143365,143656
38798,143366,144799
38799,143371,144050
38800,143372,144822
38801,143377,144261
38802,143379,145029
38803,143383,143677
38804,143384,143950
38805,143386,144063
38806,143387,143777
38807,143388,144589
38808,143389,144265
38809,143391,144409
38810,143392,144627
38811,143393,143925
38812,143394,143926
38813,143397,144748
38814,143400,144397
38815,143401,144304
38816,143404,144693
38817,143407,144801
38818,143408,144598
38819,143409,144219
38820,143412,144275
38821,143413,144272
38822,143415,144407
38823,143419,145055
38824,143420,144485
38825,143421,143764
38826,143422,144281
38827,143423,144095
38828,143424,144606
38829,143425,144427
38830,143427,144291
38831,143430,145071
38832,143432,144809
38833,143434,144567
38834,143435,144355
38835,143437,144846
38836,143439,144530
38837,143441,144861
38838,143442,143772
38839,143444,144115
38840,143445,144089
38841,143447,144674
38842,143448,144456
38843,143449,144625
38844,143450,144431
38845,143455,144789
38846,143459,144434
38847,143460,144127
38848,143463,144691
38849,143464,144792
38850,143465,144301
38851,143466,144134
38852,143467,144794
38853,143470,143989
38854,143471,144912
38855,143472,144137
38856,143474,144303
38857,143475,144737
38858,143476,144239
38859,143477,144802
38860,143478,144351
38861,143483,144641
38862,143486,144707
38863,143489,144881
38864,143490,144395
38865,143495,144775
38866,143496,144909
38867,143499,144121
38868,143500,145018
38869,143503,144244
38870,143504,144831
38871,143506,144474
38872,143517,144971
38873,143519,144984
38874,143520,144155
38875,143522,144202
38876,143523,144340
38877,143528,144845
38878,143529,144495
38879,143530,144700
38880,143535,144400
38881,143536,144924
38882,143548,144020
38883,143560,144072
38884,143562,144651
38885,143564,144280
38886,143574,144682
38887,143575,144901
38888,143576,144023
38889,143580,144722
38890,143587,144614
38891,143592,144501
38892,143593,144075
38893,143594,144923
38894,143595,144856
38895,143598,144565
38896,143602,145039
38897,143609,144968
38898,143610,144767
38899,143612,144933
38900,143613,144938
38901,143614,144111
38902,143616,145068
38903,143627,144631
38904,143628,144354
38905,143632,144670
38906,143642,144771
38907,143643,144932
38908,143651,144320
38909,143652,144217
38910,143659,144746
38911,143662,144507
38912,143667,144757
38913,143668,144669
38914,143669,144788
38915,143674,144813
38916,143685,144708
38917,143694,145007
38918,143697,144902
38919,143701,144685
38920,143703,144795
38921,143705,144570
38922,143714,144989
38923,143718,145025
38924,143720,144583
38925,143726,144823
38926,143728,144715
38927,143730,144430
38928,143732,144204
38929,143733,144720
38930,143742,144730
38931,143743,144731
38932,143744,144249
38933,143745,144073
38934,143747,144401
38935,143749,144402
38936,143751,145044
38937,143765,145061
38938,143771,144955
38939,143781,145036
38940,143789,144346
38941,143793,144662
38942,143795,144438
38943,143802,144734
38944,143806,144916
38945,143807,144257
38946,143809,144920
38947,143812,144623
38948,143813,144718
38949,143815,145067
38950,143833,144827
38951,143835,144829
38952,143843,144835
38953,143867,144510
38954,143878,144876
38955,143880,144556
38956,143889,144332
38957,143896,144811
38958,143905,144440
38959,143915,144906
38960,143920,144386
38961,143928,144980
38962,143948,144647
38963,143949,144709
38964,143951,144663
38965,143953,144615
38966,143954,144706
38967,143956,144760
38968,143962,144804
38969,143969,145014
38970,143971,144645
38971,143972,144488
38972,143980,144523
38973,143982,144612
38974,143983,144686
38975,143997,144517
38976,144026,144695
38977,144027,144635
38978,144030,144580
38979,144035,144526
38980,144036,144699
38981,144042,144702
38982,144046,144617
38983,144049,144618
38984,144051,145019
38985,144060,144717
38986,144062,145012
38987,144064,144464
38988,144100,144621
38989,144120,144785
38990,144122,144877
38991,144138,144800
38992,144151,144642
38993,144156,144841
38994,144165,144836
38995,144180,144966
38996,144181,145013
38997,144197,145056
38998,144205,144555
38999,144208,144497
39000,144218,144309
39001,144222,144786
39002,144223,144917
39003,144236,144664
39004,144263,144913
39005,144302,144945
39006,144308,144930
39007,144321,144935
39008,144326,144982
39009,144341,144928
39010,144342,144791
39011,144344,144843
39012,144360,145011
39013,144367,144947
39014,144384,144798
39015,144418,144952
39016,144460,145001
39017,144462,144787
39018,144463,144992
39019,144493,145002
39020,144494,145027
39021,144496,144915
39022,144498,145038
39023,142905,144808
39024,143190,144810
39025,143899,144814
39026,144025,144819
39027,142927,144820
39028,142702,144825
39029,142567,144837
39030,143286,144840
39031,143235,144844
39032,142138,144848
39033,143699,144851
39034,143927,144855
39035,142234,144860
39036,142149,144862
39037,142513,144869
39038,142517,144873
39039,143656,144879
39040,142199,144880
39041,143633,144885
39042,144193,144890
39043,144343,144919
39044,144561,144977
39045,142135,145034
39046,143901,145059
39047,142859,145076
39048,144064,145077
39049,142359,145078
39050,143010,145091
39051,144935,145094
39052,144148,145097
39053,142762,145099
39054,142810,145103
39055,143209,145105
39056,144280,145111
39057,142316,145126
39058,142682,145131
39059,143397,145279
